 TIME_UT    SZA    [W.m-2]   st.dev
  0.0167   154.23   -0.061    0.133
  0.0333   154.08   -0.049    0.129
  0.0500   153.92   -0.055    0.171
  0.0667   153.77   -0.061    0.134
  0.0833   153.61   -0.025    0.140
  0.1000   153.46   -0.013    0.120
  0.1167   153.30   -0.017    0.104
  0.1333   153.14   -0.057    0.131
  0.1500   152.98   -0.034    0.130
  0.1667   152.82   -0.021    0.133
  0.1833   152.66   -0.029    0.108
  0.2000   152.50   -0.042    0.133
  0.2167   152.34    0.023    0.119
  0.2333   152.18   -0.002    0.127
  0.2500   152.02   -0.027    0.104
  0.2667   151.85   -0.057    0.127
  0.2833   151.69   -0.067    0.097
  0.3000   151.53   -0.051    0.126
  0.3167   151.36   -0.008    0.112
  0.3333   151.20   -0.046    0.148
  0.3500   151.03   -0.002    0.128
  0.3667   150.87   -0.053    0.098
  0.3833   150.70   -0.025    0.083
  0.4000   150.53   -0.015    0.097
  0.4167   150.36   -0.025    0.126
  0.4333   150.20   -0.044    0.119
  0.4500   150.03   -0.034    0.101
  0.4667   149.86    0.034    0.106
  0.4833   149.69   -0.008    0.143
  0.5000   149.52    0.013    0.115
  0.5167   149.35   -0.025    0.090
  0.5333   149.18    0.011    0.104
  0.5500   149.01   -0.017    0.109
  0.5667   148.83   -0.029    0.115
  0.5833   148.66   -0.021    0.111
  0.6000   148.49   -0.057    0.116
  0.6167   148.32   -0.019    0.107
  0.6333   148.14   -0.053    0.097
  0.6500   147.97   -0.002    0.099
  0.6667   147.80   -0.019    0.108
  0.6833   147.62   -0.044    0.108
  0.7000   147.45   -0.048    0.133
  0.7167   147.27   -0.015    0.106
  0.7333   147.10   -0.002    0.123
  0.7500   146.92   -0.011    0.115
  0.7667   146.74   -0.017    0.125
  0.7833   146.57   -0.044    0.099
  0.8000   146.39   -0.068    0.077
  0.8167   146.21   -0.019    0.131
  0.8333   146.03   -0.051    0.103
  0.8500   145.86   -0.044    0.116
  0.8667   145.68   -0.021    0.087
  0.8833   145.50   -0.038    0.128
  0.9000   145.32    0.002    0.099
  0.9167   145.14   -0.011    0.130
  0.9333   144.96   -0.008    0.120
  0.9500   144.78   -0.015    0.118
  0.9667   144.60    0.002    0.110
  0.9833   144.43   -0.063    0.104
  1.0000   144.25   -0.013    0.119
  1.0167   144.06   -0.038    0.114
  1.0333   143.88   -0.019    0.116
  1.0500   143.70    0.002    0.122
  1.0667   143.52    0.044    0.100
  1.0833   143.34   -0.040    0.105
  1.1000   143.16   -0.011    0.110
  1.1167   142.98   -0.023    0.119
  1.1333   142.79   -0.057    0.111
  1.1500   142.61    0.008    0.137
  1.1667   142.43   -0.027    0.116
  1.1833   142.25   -0.010    0.113
  1.2000   142.06    0.044    0.103
  1.2167   141.88   -0.019    0.117
  1.2333   141.70    0.013    0.085
  1.2500   141.51   -0.034    0.117
  1.2667   141.33   -0.029    0.134
  1.2833   141.15   -0.044    0.112
  1.3000   140.96   -0.023    0.119
  1.3167   140.78   -0.046    0.127
  1.3333   140.59    0.008    0.087
  1.3500   140.41   -0.015    0.106
  1.3667   140.22   -0.011    0.077
  1.3833   140.04    0.019    0.105
  1.4000   139.85    0.008    0.106
  1.4167   139.67    0.015    0.075
  1.4333   139.48    0.006    0.094
  1.4500   139.30   -0.025    0.095
  1.4667   139.11    0.021    0.117
  1.4833   138.93    0.010    0.120
  1.5000   138.74    0.016    0.100
  1.5167   138.55   -0.004    0.103
  1.5333   138.37   -0.010    0.127
  1.5500   138.18    0.010    0.119
  1.5667   138.00    0.000    0.096
  1.5833   137.81   -0.004    0.095
  1.6000   137.62   -0.002    0.085
  1.6167   137.44    0.008    0.112
  1.6333   137.25   -0.051    0.130
  1.6500   137.06    0.000    0.152
  1.6667   136.87    0.004    0.118
  1.6833   136.69    0.032    0.129
  1.7000   136.50   -0.010    0.101
  1.7167   136.31   -0.027    0.097
  1.7333   136.12    0.008    0.110
  1.7500   135.94   -0.019    0.134
  1.7667   135.75   -0.015    0.143
  1.7833   135.56   -0.015    0.137
  1.8000   135.37    0.013    0.104
  1.8167   135.19    0.000    0.127
  1.8333   135.00    0.015    0.081
  1.8500   134.81   -0.027    0.085
  1.8667   134.62   -0.013    0.125
  1.8833   134.43    0.006    0.117
  1.9000   134.24    0.015    0.101
  1.9167   134.06    0.002    0.094
  1.9333   133.87    0.008    0.123
  1.9500   133.68    0.006    0.128
  1.9667   133.49    0.021    0.082
  1.9833   133.30    0.023    0.117
  2.0000   133.11    0.017    0.127
  2.0167   132.92    0.008    0.116
  2.0333   132.73    0.002    0.105
  2.0500   132.55    0.015    0.114
  2.0667   132.36   -0.030    0.132
  2.0833   132.17   -0.002    0.158
  2.1000   131.98    0.006    0.114
  2.1167   131.79   -0.002    0.087
  2.1333   131.60    0.025    0.133
  2.1500   131.41   -0.013    0.089
  2.1667   131.22    0.032    0.118
  2.1833   131.03    0.042    0.102
  2.2000   130.84    0.036    0.114
  2.2167   130.65    0.023    0.104
  2.2333   130.46    0.068    0.104
  2.2500   130.28    0.021    0.095
  2.2667   130.09    0.040    0.091
  2.2833   129.90    0.049    0.146
  2.3000   129.71    0.070    0.123
  2.3167   129.52    0.044    0.105
  2.3333   129.33    0.049    0.092
  2.3500   129.14    0.051    0.081
  2.3667   128.95    0.044    0.105
  2.3833   128.76    0.000    0.123
  2.4000   128.57    0.044    0.112
  2.4167   128.38    0.044    0.102
  2.4333   128.19    0.057    0.116
  2.4500   128.00    0.097    0.089
  2.4667   127.81    0.049    0.115
  2.4833   127.62    0.032    0.090
  2.5000   127.43    0.040    0.113
  2.5167   127.24    0.013    0.097
  2.5333   127.05    0.027    0.120
  2.5500   126.86    0.017    0.116
  2.5667   126.67    0.011    0.120
  2.5833   126.48    0.025    0.108
  2.6000   126.29    0.027    0.110
  2.6167   126.10    0.015    0.099
  2.6333   125.91    0.000    0.115
  2.6500   125.72   -0.004    0.123
  2.6667   125.53    0.006    0.100
  2.6833   125.34    0.030    0.136
  2.7000   125.16    0.040    0.103
  2.7167   124.97    0.011    0.097
  2.7333   124.78    0.011    0.111
  2.7500   124.59   -0.013    0.099
  2.7667   124.40    0.055    0.128
  2.7833   124.21   -0.011    0.108
  2.8000   124.02    0.021    0.105
  2.8167   123.83    0.030    0.122
  2.8333   123.64    0.021    0.132
  2.8500   123.45    0.032    0.112
  2.8667   123.26   -0.029    0.140
  2.8833   123.07    0.021    0.096
  2.9000   122.88    0.053    0.111
  2.9167   122.69    0.013    0.107
  2.9333   122.50   -0.008    0.103
  2.9500   122.31    0.032    0.117
  2.9667   122.12    0.029    0.099
  2.9833   121.93   -0.013    0.121
  3.0000   121.75    0.002    0.108
  3.0167   121.56   -0.002    0.076
  3.0333   121.37    0.017    0.109
  3.0500   121.18    0.008    0.091
  3.0667   120.99   -0.029    0.119
  3.0833   120.80    0.019    0.111
  3.1000   120.61    0.065    0.130
  3.1167   120.42    0.004    0.085
  3.1333   120.23   -0.004    0.098
  3.1500   120.05    0.032    0.120
  3.1667   119.86   -0.002    0.125
  3.1833   119.67    0.006    0.094
  3.2000   119.48    0.036    0.108
  3.2167   119.29    0.025    0.119
  3.2333   119.10    0.021    0.110
  3.2500   118.91    0.004    0.102
  3.2667   118.72   -0.048    0.113
  3.2833   118.54   -0.010    0.129
  3.3000   118.35    0.006    0.110
  3.3167   118.16    0.036    0.114
  3.3333   117.97    0.040    0.122
  3.3500   117.78    0.025    0.118
  3.3667   117.59    0.034    0.116
  3.3833   117.41    0.008    0.116
  3.4000   117.22    0.021    0.107
  3.4167   117.03   -0.006    0.100
  3.4333   116.84    0.029    0.109
  3.4500   116.66    0.004    0.122
  3.4667   116.47    0.036    0.117
  3.4833   116.28   -0.006    0.105
  3.5000   116.09   -0.015    0.099
  3.5167   115.91    0.011    0.100
  3.5333   115.72    0.027    0.123
  3.5500   115.53    0.013    0.108
  3.5667   115.34    0.013    0.118
  3.5833   115.16    0.030    0.120
  3.6000   114.97    0.021    0.109
  3.6167   114.78    0.004    0.127
  3.6333   114.60   -0.029    0.114
  3.6500   114.41   -0.011    0.095
  3.6667   114.22   -0.006    0.094
  3.6833   114.04   -0.011    0.099
  3.7000   113.85   -0.008    0.119
  3.7167   113.66    0.004    0.102
  3.7333   113.48   -0.021    0.123
  3.7500   113.29   -0.051    0.111
  3.7667   113.11   -0.011    0.135
  3.7833   112.92   -0.019    0.095
  3.8000   112.73   -0.025    0.103
  3.8167   112.55    0.004    0.117
  3.8333   112.36   -0.017    0.128
  3.8500   112.18   -0.008    0.118
  3.8667   111.99   -0.008    0.118
  3.8833   111.81   -0.025    0.114
  3.9000   111.62   -0.008    0.086
  3.9167   111.44   -0.042    0.144
  3.9333   111.25   -0.065    0.119
  3.9500   111.06   -0.015    0.117
  3.9667   110.88   -0.030    0.110
  3.9833   110.69    0.015    0.123
  4.0000   110.51   -0.002    0.110
  4.0167   110.33   -0.017    0.131
  4.0333   110.14    0.008    0.117
  4.0500   109.96    0.032    0.086
  4.0667   109.77   -0.013    0.120
  4.0833   109.59   -0.002    0.118
  4.1000   109.40   -0.013    0.141
  4.1167   109.22    0.023    0.108
  4.1333   109.04    0.010    0.101
  4.1500   108.85   -0.029    0.124
  4.1667   108.67    0.006    0.125
  4.1833   108.49    0.019    0.111
  4.2000   108.30   -0.013    0.108
  4.2167   108.12    0.027    0.124
  4.2333   107.94    0.000    0.109
  4.2500   107.75   -0.019    0.135
  4.2667   107.57   -0.023    0.123
  4.2833   107.39    0.027    0.127
  4.3000   107.21    0.000    0.096
  4.3167   107.02    0.030    0.103
  4.3333   106.84    0.011    0.118
  4.3500   106.66    0.032    0.131
  4.3667   106.48    0.044    0.118
  4.3833   106.30    0.019    0.132
  4.4000   106.11    0.029    0.111
  4.4167   105.93   -0.019    0.136
  4.4333   105.75   -0.010    0.128
  4.4500   105.57    0.025    0.138
  4.4667   105.39   -0.013    0.115
  4.4833   105.21   -0.029    0.095
  4.5000   105.03   -0.011    0.113
  4.5167   104.85   -0.017    0.153
  4.5333   104.67   -0.008    0.105
  4.5500   104.48    0.025    0.140
  4.5667   104.31   -0.015    0.115
  4.5833   104.12   -0.053    0.106
  4.6000   103.94    0.004    0.087
  4.6167   103.77    0.008    0.106
  4.6333   103.58   -0.004    0.101
  4.6500   103.41   -0.042    0.113
  4.6667   103.23    0.017    0.109
  4.6833   103.05   -0.002    0.107
  4.7000   102.87   -0.063    0.115
  4.7167   102.69    0.013    0.123
  4.7333   102.51    0.034    0.122
  4.7500   102.33   -0.051    0.097
  4.7667   102.15   -0.006    0.102
  4.7833   101.98    0.004    0.120
  4.8000   101.80    0.025    0.102
  4.8167   101.62   -0.015    0.107
  4.8333   101.44    0.027    0.111
  4.8500   101.27   -0.004    0.116
  4.8667   101.09   -0.068    0.105
  4.8833   100.91    0.023    0.097
  4.9000   100.73   -0.010    0.098
  4.9167   100.56   -0.027    0.099
  4.9333   100.38    0.004    0.096
  4.9500   100.20    0.025    0.108
  4.9667   100.03    0.036    0.119
  4.9833    99.85    0.023    0.130
  5.0000    99.68    0.044    0.113
  5.0167    99.50    0.023    0.112
  5.0333    99.33    0.003    0.099
  5.0500    99.15    0.032    0.095
  5.0667    98.97    0.045    0.092
  5.0833    98.80    0.043    0.118
  5.1000    98.62    0.032    0.109
  5.1167    98.45    0.023    0.096
  5.1333    98.28    0.042    0.100
  5.1500    98.10    0.035    0.117
  5.1667    97.93   -0.012    0.127
  5.1833    97.75   -0.022    0.137
  5.2000    97.58   -0.021    0.089
  5.2167    97.41    0.038    0.108
  5.2333    97.23    0.057    0.113
  5.2500    97.06    0.021    0.125
  5.2667    96.89   -0.011    0.102
  5.2833    96.72    0.030    0.113
  5.3000    96.55    0.053    0.126
  5.3167    96.37    0.011    0.089
  5.3333    96.20    0.006    0.120
  5.3500    96.03   -0.002    0.095
  5.3667    95.86   -0.009    0.105
  5.3833    95.69    0.048    0.123
  5.4000    95.52    0.026    0.113
  5.4167    95.34    0.024    0.094
  5.4333    95.17    0.074    0.106
  5.4500    95.00    0.040    0.093
  5.4667    94.83   -0.015    0.121
  5.4833    94.67    0.004    0.119
  5.5000    94.50    0.063    0.126
  5.5167    94.33   -9.000   -9.000
  5.5333    94.16    0.045    0.118
  5.5500    93.99    0.028    0.122
  5.5667    93.82    0.026    0.115
  5.5833    93.65    0.046    0.135
  5.6000    93.48    0.057    0.108
  5.6167    93.31    0.088    0.105
  5.6333    93.15    0.062    0.110
  5.6500    92.98    0.068    0.110
  5.6667    92.81    0.093    0.103
  5.6833    92.64    0.059    0.129
  5.7000    92.48    0.065    0.131
  5.7167    92.31    0.099    0.087
  5.7333    92.15    0.052    0.094
  5.7500    91.98    0.065    0.130
  5.7667    91.81    0.052    0.114
  5.7833    91.65    0.043    0.099
  5.8000    91.48    0.026    0.104
  5.8167    91.32    0.051    0.104
  5.8333    91.16    0.053    0.099
  5.8500    90.99    0.073    0.120
  5.8667    90.83    0.071    0.092
  5.8833    90.66    0.096    0.121
  5.9000    89.91    0.077    0.121
  5.9167    89.79    0.059    0.112
  5.9333    89.66    0.042    0.113
  5.9500    89.53    0.074    0.119
  5.9667    89.40    0.061    0.089
  5.9833    89.26    0.063    0.151
  6.0000    89.12    0.050    0.131
  6.0167    88.98    0.032    0.119
  6.0333    88.84    0.119    0.102
  6.0500    88.69    0.106    0.098
  6.0667    88.55    0.065    0.117
  6.0833    88.40    0.086    0.119
  6.1000    88.26    0.071    0.142
  6.1167    88.11    0.047    0.099
  6.1333    87.96    0.018    0.129
  6.1500    87.81    0.060    0.099
  6.1667    87.66    0.055    0.099
  6.1833    87.51    0.059    0.136
  6.2000    87.36    0.082    0.095
  6.2167    87.21    0.073    0.131
  6.2333    87.06    0.128    0.119
  6.2500    86.91    0.060    0.096
  6.2667    86.76    0.072    0.127
  6.2833    86.61    0.078    0.102
  6.3000    86.46    0.061    0.135
  6.3167    86.31    0.099    0.129
  6.3333    86.16    0.039    0.097
  6.3500    86.01    0.058    0.108
  6.3667    85.86    0.111    0.095
  6.3833    85.71    0.091    0.099
  6.4000    85.56    0.099    0.094
  6.4167    85.41   -9.000   -9.000
  6.4333    85.26   -9.000   -9.000
  6.4500    85.11   -9.000   -9.000
  6.4667    84.96    0.117    0.113
  6.4833    84.81    0.089    0.118
  6.5000    84.66    0.079    0.105
  6.5167    84.51    0.083    0.095
  6.5333    84.36    0.124    0.109
  6.5500    84.21    0.109    0.121
  6.5667    84.06    0.117    0.147
  6.5833    83.92    0.117    0.099
  6.6000    83.77    0.121    0.123
  6.6167    83.62    0.125    0.134
  6.6333    83.47    0.131    0.129
  6.6500    83.33    0.112    0.141
  6.6667    83.18    0.130    0.154
  6.6833    83.03    0.124    0.132
  6.7000    82.89    0.132    0.116
  6.7167    82.74    0.155    0.123
  6.7333    82.59    0.138    0.121
  6.7500    82.45    0.154    0.088
  6.7667    82.30    0.162    0.118
  6.7833    82.16    0.131    0.112
  6.8000    82.02    0.128    0.124
  6.8167    81.87    0.132    0.135
  6.8333    81.73    0.132    0.115
  6.8500    81.58    0.176    0.135
  6.8667    81.44    0.169    0.104
  6.8833    81.30    0.196    0.133
  6.9000    81.16    0.192    0.092
  6.9167    81.01    0.206    0.095
  6.9333    80.87    0.202    0.122
  6.9500    80.73    0.225    0.105
  6.9667    80.59    0.222    0.101
  6.9833    80.45    0.220    0.117
  7.0000    80.31    0.285    0.096
  7.0167    80.17    0.261    0.126
  7.0333    80.03    0.274    0.089
  7.0500    79.89    0.284    0.105
  7.0667    79.75    0.324    0.099
  7.0833    79.61    0.401    0.128
  7.1000    79.48    0.458    0.119
  7.1167    79.34    0.534    0.092
  7.1333    79.20    0.615    0.105
  7.1500    79.06    0.697    0.071
  7.1667    78.93    0.883    0.129
  7.1833    78.79    1.045    0.137
  7.2000    78.66    1.222    0.094
  7.2167    78.52    1.445    0.127
  7.2333    78.39    1.706    0.150
  7.2500    78.25    2.148    0.221
  7.2667    78.12    2.603    0.111
  7.2833    77.99    2.820    0.126
  7.3000    77.85    3.028    0.181
  7.3167    77.72    3.298    0.137
  7.3333    77.59    3.375    0.193
  7.3500    77.46    3.759    0.194
  7.3667    77.33    4.083    0.169
  7.3833    77.19    4.585    0.187
  7.4000    77.06    5.139    0.274
  7.4167    76.94    6.551    0.569
  7.4333    76.81    8.174    0.376
  7.4500    76.68    9.370    0.173
  7.4667    76.55    8.869    0.292
  7.4833    76.42    9.952    0.394
  7.5000    76.29   10.980    0.345
  7.5167    76.17   10.767    0.257
  7.5333    76.04   12.027    0.504
  7.5500    75.91   14.912    1.076
  7.5667    75.79   15.749    0.507
  7.5833    75.66   13.675    0.328
  7.6000    75.54   12.717    0.244
  7.6167    75.41   12.413    0.284
  7.6333    75.29   10.895    0.544
  7.6500    75.17   10.975    0.871
  7.6667    75.04   13.395    0.367
  7.6833    74.92   13.930    0.346
  7.7000    74.80   12.003    0.407
  7.7167    74.68   12.063    0.190
  7.7333    74.56   12.639    0.314
  7.7500    74.44   13.227    0.553
  7.7667    74.32   13.243    0.640
  7.7833    74.20   11.129    0.482
  7.8000    74.08    9.428    0.465
  7.8167    73.96    8.713    0.213
  7.8333    73.84    9.128    0.121
  7.8500    73.73    9.264    0.154
  7.8667    73.61   10.440    0.930
  7.8833    73.50   13.353    1.155
  7.9000    73.38   15.695    0.649
  7.9167    73.26   16.748    0.503
  7.9333    73.15   17.878    0.207
  7.9500    73.04   19.305    0.791
  7.9667    72.92   22.589    1.429
  7.9833    72.81   28.185    2.062
  8.0000    72.70   29.512    0.839
  8.0167    72.59   25.005    1.763
  8.0333    72.47   19.746    0.721
  8.0500    72.36   17.380    0.653
  8.0667    72.25   14.433    1.286
  8.0833    72.14   12.264    0.679
  8.1000    72.04   11.849    1.653
  8.1167    71.93   14.818    0.800
  8.1333    71.82   17.166    3.024
  8.1500    71.71   23.732    1.163
  8.1667    71.61   24.372    1.553
  8.1833    71.50   15.416    2.238
  8.2000    71.39    7.827    1.950
  8.2167    71.29    6.067    0.207
  8.2333    71.19    5.674    0.716
  8.2500    71.08    5.678    0.487
  8.2667    70.98    5.952    0.299
  8.2833    70.88    5.543    0.175
  8.3000    70.78    9.564    1.900
  8.3167    70.67   19.437    3.183
  8.3333    70.57   26.562    2.119
  8.3500    70.47   27.455    1.969
  8.3667    70.38   26.504    1.632
  8.3833    70.28   22.257    4.066
  8.4000    70.18   14.569    1.085
  8.4167    70.08   14.159    1.348
  8.4333    69.98   12.517    0.672
  8.4500    69.89   11.777    0.687
  8.4667    69.79   12.152    1.449
  8.4833    69.70   24.175    3.310
  8.5000    69.60   39.761    5.049
  8.5167    69.51   50.353    2.180
  8.5333    69.42   60.173    3.203
  8.5500    69.32   69.243    8.357
  8.5667    69.23   82.962    4.088
  8.5833    69.14   85.411    4.586
  8.6000    69.05   89.403    2.169
  8.6167    68.96   96.230    1.269
  8.6333    68.87   87.735    5.533
  8.6500    68.78   89.842    6.878
  8.6667    68.69   95.837    6.596
  8.6833    68.61  114.810   11.069
  8.7000    68.52  105.214    7.971
  8.7167    68.44   92.537    6.957
  8.7333    68.35  125.996   13.612
  8.7500    68.27  162.362   14.983
  8.7667    68.18  186.275   10.639
  8.7833    68.10  140.761   19.711
  8.8000    68.02   91.996   16.099
  8.8167    67.94   65.088    4.271
  8.8333    67.85   52.853    1.799
  8.8500    67.77   59.782    1.800
  8.8667    67.69   65.876    2.241
  8.8833    67.61   65.738    2.685
  8.9000    67.54  104.397   14.538
  8.9167    67.46   90.101    8.882
  8.9333    67.38   75.974    7.238
  8.9500    67.31   45.547    6.481
  8.9667    67.23   36.449    3.893
  8.9833    67.16   40.440    8.184
  9.0000    67.08   36.325    9.134
  9.0167    67.01   72.875    9.825
  9.0333    66.94   70.431    6.614
  9.0500    66.86   64.273    6.666
  9.0667    66.79   85.954    9.046
  9.0833    66.72  110.977   10.723
  9.1000    66.65  123.567    9.902
  9.1167    66.58   86.535    7.296
  9.1333    66.52  108.615    3.509
  9.1500    66.45  127.862   13.923
  9.1667    66.38  176.302   15.367
  9.1833    66.32  208.703    6.247
  9.2000    66.25  225.846    5.774
  9.2167    66.19  181.299   51.049
  9.2333    66.12   92.604   10.276
  9.2500    66.06  107.178    8.648
  9.2667    66.00  113.866    8.519
  9.2833    65.94  155.681   28.601
  9.3000    65.88  185.564   27.494
  9.3167    65.82  190.956   27.782
  9.3333    65.76  179.290   26.991
  9.3500    65.70  147.146   21.816
  9.3667    65.64  126.567   19.332
  9.3833    65.58  173.628   19.980
  9.4000    65.53  203.277   17.140
  9.4167    65.47  162.546   19.422
  9.4333    65.42  116.450    8.295
  9.4500    65.36   85.720    8.516
  9.4667    65.31   90.970    6.775
  9.4833    65.26   84.109    2.070
  9.5000    65.21   74.174    7.448
  9.5167    65.16   74.464    6.397
  9.5333    65.11  110.324   20.263
  9.5500    65.06  181.561   21.569
  9.5667    65.01  169.352   13.931
  9.5833    64.96  113.776   17.497
  9.6000    64.92   75.422    6.088
  9.6167    64.87   97.475   10.788
  9.6333    64.83  124.313   24.314
  9.6500    64.78  188.627   27.632
  9.6667    64.74  198.250   12.925
  9.6833    64.69  169.042   12.880
  9.7000    64.65  175.232   18.570
  9.7167    64.61  243.502   43.093
  9.7333    64.57  320.002   25.541
  9.7500    64.53  357.151   21.348
  9.7667    64.49  307.132   38.292
  9.7833    64.45  248.315   18.235
  9.8000    64.42  352.734   43.357
  9.8167    64.38  444.762   17.380
  9.8333    64.35  427.753   31.813
  9.8500    64.31  461.138   13.467
  9.8667    64.28  441.466   22.978
  9.8833    64.25  433.901   26.269
  9.9000    64.21  410.511   16.959
  9.9167    64.18  431.004   34.530
  9.9333    64.15  464.186   21.493
  9.9500    64.12  409.717   33.528
  9.9667    64.09  397.927   20.067
  9.9833    64.07  389.211   20.781
 10.0000    64.04  404.306   34.642
 10.0167    64.01  431.641   22.080
 10.0333    63.99  557.542   15.947
 10.0500    63.96  513.132   27.198
 10.0667    63.94  537.894   15.786
 10.0833    63.92  440.518   44.344
 10.1000    63.89  438.226   20.690
 10.1167    63.87  401.716   30.147
 10.1333    63.85  373.697   29.488
 10.1500    63.83  305.167   17.620
 10.1667    63.81  429.893   50.028
 10.1833    63.80  476.199   23.738
 10.2000    63.78  488.404   16.453
 10.2167    63.76  519.862    8.052
 10.2333    63.75  484.227   24.315
 10.2500    63.73  515.477   38.605
 10.2667    63.72  573.980   32.596
 10.2833    63.71  652.535   42.383
 10.3000    63.69  732.124   10.437
 10.3167    63.68  753.445   13.788
 10.3333    63.67  763.460   17.819
 10.3500    63.66  770.991    8.039
 10.3667    63.65  761.355   21.046
 10.3833    63.65  705.755   11.435
 10.4000    63.64  698.113   14.350
 10.4167    63.63  704.510   10.405
 10.4333    63.63  710.806    6.493
 10.4500    63.62  724.364    7.885
 10.4667    63.62  757.298    8.889
 10.4833    63.62  753.933    4.873
 10.5000    63.62  756.001    6.269
 10.5167    63.62  757.753    8.055
 10.5333    63.62  725.790   15.971
 10.5500    63.62  675.183   24.155
 10.5667    63.62  644.058   22.964
 10.5833    63.62  618.038   24.494
 10.6000    63.62  638.002   27.699
 10.6167    63.63  700.944   15.248
 10.6333    63.63  734.361   15.406
 10.6500    63.64  736.538   10.365
 10.6667    63.64  724.803    9.026
 10.6833    63.65  747.733   10.226
 10.7000    63.66  745.146   13.980
 10.7167    63.67  749.669    5.175
 10.7333    63.68  711.747   25.554
 10.7500    63.69  665.866   12.101
 10.7667    63.70  672.687    7.679
 10.7833    63.72  606.703   28.113
 10.8000    63.73  619.053   19.344
 10.8167    63.74  660.306   11.787
 10.8333    63.76  704.243    8.550
 10.8500    63.77  685.021   21.998
 10.8667    63.79  634.210   10.999
 10.8833    63.81  550.246   35.375
 10.9000    63.83  476.859   10.054
 10.9167    63.84  532.211   47.703
 10.9333    63.87  600.656   29.720
 10.9500    63.89  635.713   12.301
 10.9667    63.91  645.886    3.001
 10.9833    63.93  631.330   27.888
 11.0000    63.95  645.757   33.295
 11.0167    63.98  617.670   12.623
 11.0333    64.00  670.461   10.700
 11.0500    64.03  686.763   15.432
 11.0667    64.06  714.880   14.590
 11.0833    64.08  710.504    9.198
 11.1000    64.11  674.363   17.048
 11.1167    64.14  587.414   13.157
 11.1333    64.17  564.854    9.257
 11.1500    64.20  539.837    9.504
 11.1667    64.23  568.682   24.396
 11.1833    64.27  606.040   13.118
 11.2000    64.30  651.151   27.482
 11.2167    64.34  698.699    5.501
 11.2333    64.37  700.377   10.982
 11.2500    64.41  693.922    7.285
 11.2667    64.44  693.945   12.668
 11.2833    64.48  702.577    3.684
 11.3000    64.52  726.541    9.062
 11.3167    64.56  733.544    5.748
 11.3333    64.60  715.649    4.657
 11.3500    64.64  733.419    9.143
 11.3667    64.68  743.616    3.551
 11.3833    64.72  746.647    2.730
 11.4000    64.77  755.500    2.818
 11.4167    64.81  749.434    5.271
 11.4333    64.86  731.899    1.990
 11.4500    64.90  726.518    5.163
 11.4667    64.95  715.004    1.466
 11.4833    64.99  711.768    6.316
 11.5000    65.04  703.732    1.827
 11.5167    65.09  699.040    2.916
 11.5333    65.14  696.738    7.000
 11.5500    65.19  678.731   26.795
 11.5667    65.24  706.301    3.466
 11.5833    65.29  698.482    2.603
 11.6000    65.35  705.811    9.112
 11.6167    65.40  717.282    0.969
 11.6333    65.45  715.827    0.553
 11.6500    65.51  712.366    1.317
 11.6667    65.56  705.237    1.176
 11.6833    65.62  711.585    3.005
 11.7000    65.68  719.642    0.650
 11.7167    65.74  721.528    0.695
 11.7333    65.80  728.013    5.149
 11.7500    65.86  731.536    2.470
 11.7667    65.92  722.958    0.930
 11.7833    65.98  728.145    3.943
 11.8000    66.04  727.355    3.213
 11.8167    66.10  726.368    3.218
 11.8333    66.17  739.443    3.181
 11.8500    66.23  744.411    1.678
 11.8667    66.30  745.720    1.443
 11.8833    66.36  743.388    0.950
 11.9000    66.43  741.636    0.746
 11.9167    66.49  741.088    0.932
 11.9333    66.56  730.927    3.562
 11.9500    66.63  722.767    2.004
 11.9667    66.70  717.876    0.937
 11.9833    66.77  723.140    1.294
 12.0000    66.84  727.414    1.348
 12.0167    66.91  724.623    1.211
 12.0333    66.98  727.441    2.279
 12.0500    67.06  727.648    2.333
 12.0667    67.13  717.266    4.540
 12.0833    67.21  709.744    1.444
 12.1000    67.28  710.444    2.524
 12.1167    67.36  718.959    2.944
 12.1333    67.43  711.815    6.670
 12.1500    67.51  706.958    1.296
 12.1667    67.59  704.429    1.306
 12.1833    67.67  700.350    0.887
 12.2000    67.75  699.481    1.840
 12.2167    67.83  695.206    2.186
 12.2333    67.91  694.227    1.927
 12.2500    67.99  687.867    2.896
 12.2667    68.07  687.351    2.717
 12.2833    68.16  676.415    5.380
 12.3000    68.24  672.544    4.701
 12.3167    68.32  669.719    3.457
 12.3333    68.41  655.404    8.867
 12.3500    68.49  640.273    3.586
 12.3667    68.58  652.551    6.258
 12.3833    68.67  647.642    3.758
 12.4000    68.75  641.491    4.734
 12.4167    68.84  644.247    2.451
 12.4333    68.93  644.439    4.456
 12.4500    69.02   -9.000   -9.000
 12.4667    69.11   -9.000   -9.000
 12.4833    69.20   -9.000   -9.000
 12.5000    69.29  647.543    4.737
 12.5167    69.39  642.694    8.765
 12.5333    69.48  625.649   10.032
 12.5500    69.57  585.006   10.481
 12.5667    69.67  539.450   18.036
 12.5833    69.76  550.480   16.767
 12.6000    69.86  555.199    8.179
 12.6167    69.95  548.074    7.266
 12.6333    70.05  518.860   14.247
 12.6500    70.15  519.286    6.759
 12.6667    70.24  507.268   11.761
 12.6833    70.34  507.097   10.882
 12.7000    70.44  431.808   16.883
 12.7167    70.54  394.911   43.204
 12.7333    70.64  169.209   46.021
 12.7500    70.74  232.525   50.575
 12.7667    70.84  490.669   37.966
 12.7833    70.95  497.471    7.371
 12.8000    71.05  486.178    3.775
 12.8167    71.15  474.787    5.654
 12.8333    71.26  461.422    4.093
 12.8500    71.36  474.436    1.302
 12.8667    71.47  494.063   13.011
 12.8833    71.57  528.466   10.149
 12.9000    71.68  557.892    8.117
 12.9167    71.78  571.203    6.566
 12.9333    71.89  603.939   11.153
 12.9500    72.00  610.924    3.511
 12.9667    72.11  610.656    3.323
 12.9833    72.22  599.219   13.665
 13.0000    72.33  575.544    3.143
 13.0167    72.44  548.531   14.010
 13.0333    72.55  512.471   10.067
 13.0500    72.66  533.429    6.087
 13.0667    72.77  530.417    8.843
 13.0833    72.89  516.972    5.262
 13.1000    73.00  499.586    2.057
 13.1167    73.11  541.320   25.956
 13.1333    73.23  588.206    4.756
 13.1500    73.34  589.047    1.218
 13.1667    73.46   -9.000   -9.000
 13.1833    73.57  608.777    0.703
 13.2000    73.69  604.284    2.399
 13.2167    73.81  602.558    0.666
 13.2333    73.92  601.784    1.027
 13.2500    74.04  599.208    1.404
 13.2667    74.16  591.791    3.292
 13.2833    74.28  584.218    0.864
 13.3000    74.40  578.056    1.691
 13.3167    74.52  575.496    0.946
 13.3333    74.64  566.782    3.027
 13.3500    74.76  565.479    0.818
 13.3667    74.88  570.538    1.117
 13.3833    75.00  573.290    1.005
 13.4000    75.13  575.337    0.602
 13.4167    75.25  574.595    1.314
 13.4333    75.37  574.010    1.484
 13.4500    75.50  575.813    0.350
 13.4667    75.62  574.434    0.906
 13.4833    75.75  574.779    0.677
 13.5000    75.87  575.654    0.481
 13.5167    76.00  574.346    1.089
 13.5333    76.12  571.302    0.857
 13.5500    76.25  567.510    1.954
 13.5667    76.38  561.394    1.818
 13.5833    76.51  556.527    0.909
 13.6000    76.64  553.478    0.874
 13.6167    76.76  549.184    1.265
 13.6333    76.89  546.370    0.405
 13.6500    77.02  548.081    0.527
 13.6667    77.15  548.058    0.941
 13.6833    77.28  545.081    0.593
 13.7000    77.41  542.895    0.520
 13.7167    77.55  543.036    0.346
 13.7333    77.68  541.729    0.557
 13.7500    77.81  539.441    0.912
 13.7667    77.94  537.592    0.264
 13.7833    78.08  538.107    0.318
 13.8000    78.21  538.014    0.522
 13.8167    78.34  535.471    1.012
 13.8333    78.48  531.291    1.256
 13.8500    78.61  525.955    1.763
 13.8667    78.75  521.063    1.394
 13.8833    78.88  517.398    1.197
 13.9000    79.02  512.202    2.042
 13.9167    79.16  506.789    1.230
 13.9333    79.29  502.516    0.914
 13.9500    79.43  500.338    0.446
 13.9667    79.57  498.856    0.521
 13.9833    79.71  496.789    0.466
 14.0000    79.84  494.403    0.598
 14.0167    79.98  490.474    1.547
 14.0333    80.12  485.452    1.322
 14.0500    80.26  482.118    1.076
 14.0667    80.40  478.397    1.616
 14.0833    80.54  473.361    0.845
 14.1000    80.68  469.503    1.470
 14.1167    80.83  465.257    1.119
 14.1333    80.97  462.255    1.209
 14.1500    81.11  456.829    1.642
 14.1667    81.25  451.477    0.999
 14.1833    81.39  447.292    0.886
 14.2000    81.54  444.191    1.281
 14.2167    81.68  438.487    2.076
 14.2333    81.82  434.193    0.701
 14.2500    81.97  431.029    1.457
 14.2667    82.11  425.642    2.255
 14.2833    82.26  409.725    7.363
 14.3000    82.40  372.535   15.253
 14.3167    82.55  310.878   19.350
 14.3333    82.69  261.221    8.617
 14.3500    82.84  256.792    6.556
 14.3667    82.98  293.455   12.701
 14.3833    83.13  330.514    6.749
 14.4000    83.28  348.195    3.918
 14.4167    83.42  354.835    1.040
 14.4333    83.57  356.818    0.293
 14.4500    83.72  355.302    2.043
 14.4667    83.87  348.645    2.101
 14.4833    84.02  342.601    1.790
 14.5000    84.16  335.761    2.176
 14.5167    84.31  327.584    2.002
 14.5333    84.46  319.232    2.878
 14.5500    84.61  311.974    1.760
 14.5667    84.76  304.672    1.982
 14.5833    84.91  297.893    2.250
 14.6000    85.06  289.589    2.438
 14.6167    85.21  282.656    1.592
 14.6333    85.36  276.214    1.863
 14.6500    85.51  270.153    2.033
 14.6667    85.66  262.407    2.457
 14.6833    85.81  254.419    3.184
 14.7000    85.96  239.031    5.586
 14.7167    86.11  218.091    6.591
 14.7333    86.26  198.525    4.663
 14.7500    86.41  188.837    1.265
 14.7667    86.56  192.704    1.316
 14.7833    86.71  198.610    1.460
 14.8000    86.86  199.462    0.523
 14.8167    87.01  196.475    1.604
 14.8333    87.16  188.120    2.799
 14.8500    87.31  176.044    5.282
 14.8667    87.46  138.854   14.391
 14.8833    87.61   95.285    8.732
 14.9000    87.76   99.625   10.333
 14.9167    87.91  126.446    2.376
 14.9333    88.06  119.453    4.918
 14.9500    88.21   88.593    9.405
 14.9667    88.36   73.186    1.795
 14.9833    88.50   81.312    3.190
 15.0000    88.65   87.125    1.825
 15.0167    88.79   67.884    8.518
 15.0333    88.94   40.598    7.763
 15.0500    89.08   14.030    6.519
 15.0667    89.22    1.357    0.689
 15.0833    89.35    0.713    0.160
 15.1000    89.49    0.437    0.153
 15.1167    89.62    0.216    0.150
 15.1333    89.75   -9.000   -9.000
 15.1500    89.87   -9.000   -9.000
 15.1667    90.61   -0.099    0.135
 15.1833    90.77   -0.115    0.140
 15.2000    90.94   -0.146    0.118
 15.2167    91.10   -0.113    0.115
 15.2333    91.27   -0.107    0.101
 15.2500    91.43   -0.103    0.116
 15.2667    91.59   -0.105    0.122
 15.2833    91.76   -0.121    0.117
 15.3000    91.93   -0.138    0.133
 15.3167    92.09   -0.113    0.112
 15.3333    92.26   -0.094    0.097
 15.3500    92.42   -0.160    0.133
 15.3667    92.59   -0.162    0.090
 15.3833    92.76   -0.173    0.115
 15.4000    92.92   -0.163    0.121
 15.4167    93.09   -0.194    0.122
 15.4333    93.26   -0.188    0.094
 15.4500    93.43   -0.164    0.110
 15.4667    93.59   -0.185    0.118
 15.4833    93.76   -0.137    0.116
 15.5000    93.93   -0.145    0.105
 15.5167    94.10   -0.148    0.112
 15.5333    94.27   -0.098    0.131
 15.5500    94.44   -0.134    0.116
 15.5667    94.61   -0.109    0.107
 15.5833    94.78   -0.147    0.095
 15.6000    94.95   -0.115    0.109
 15.6167    95.12   -9.000   -9.000
 15.6333    95.29   -9.000   -9.000
 15.6500    95.46   -0.097    0.125
 15.6667    95.63   -0.096    0.118
 15.6833    95.80   -0.064    0.108
 15.7000    95.97   -0.090    0.085
 15.7167    96.14   -0.056    0.127
 15.7333    96.32   -0.071    0.095
 15.7500    96.49   -0.093    0.131
 15.7667    96.66   -0.085    0.110
 15.7833    96.83   -0.060    0.103
 15.8000    97.00   -0.111    0.120
 15.8167    97.18   -0.063    0.119
 15.8333    97.35   -0.099    0.082
 15.8500    97.52   -0.065    0.143
 15.8667    97.70   -0.068    0.123
 15.8833    97.87   -0.087    0.137
 15.9000    98.05   -0.091    0.132
 15.9167    98.22   -0.050    0.123
 15.9333    98.39   -0.062    0.115
 15.9500    98.57   -0.061    0.129
 15.9667    98.74   -0.080    0.109
 15.9833    98.92   -0.036    0.097
 16.0000    99.09   -0.072    0.121
 16.0167    99.27   -0.041    0.085
 16.0333    99.44   -0.045    0.119
 16.0500    99.62    0.005    0.104
 16.0667    99.79   -0.054    0.098
 16.0833    99.97   -0.031    0.121
 16.1000   100.15   -0.017    0.090
 16.1167   100.32   -0.025    0.097
 16.1333   100.50    0.013    0.100
 16.1500   100.67   -0.004    0.100
 16.1667   100.85   -0.011    0.138
 16.1833   101.03    0.004    0.126
 16.2000   101.21   -0.006    0.119
 16.2167   101.38   -0.040    0.093
 16.2333   101.56    0.008    0.092
 16.2500   101.74   -0.006    0.149
 16.2667   101.92    0.011    0.109
 16.2833   102.09    0.034    0.111
 16.3000   102.27    0.004    0.109
 16.3167   102.45    0.011    0.137
 16.3333   102.63   -0.011    0.139
 16.3500   102.81   -0.025    0.111
 16.3667   102.99   -0.008    0.141
 16.3833   103.17    0.002    0.095
 16.4000   103.35   -0.008    0.125
 16.4167   103.53   -0.008    0.099
 16.4333   103.70   -0.027    0.134
 16.4500   103.89   -0.023    0.131
 16.4667   104.06   -0.021    0.176
 16.4833   104.25   -0.010    0.105
 16.5000   104.42    0.008    0.140
 16.5167   104.61    0.008    0.129
 16.5333   104.79   -0.011    0.133
 16.5500   104.97    0.008    0.154
 16.5667   105.15    0.038    0.111
 16.5833   105.33   -0.015    0.156
 16.6000   105.51   -0.008    0.124
 16.6167   105.69    0.002    0.089
 16.6333   105.87   -0.002    0.125
 16.6500   106.05    0.034    0.103
 16.6667   106.23    0.048    0.098
 16.6833   106.42    0.023    0.099
 16.7000   106.60    0.046    0.120
 16.7167   106.78    0.046    0.107
 16.7333   106.96    0.008    0.134
 16.7500   107.14    0.068    0.119
 16.7667   107.33   -0.021    0.118
 16.7833   107.51   -0.013    0.160
 16.8000   107.69   -0.010    0.109
 16.8167   107.88   -0.010    0.089
 16.8333   108.06   -0.015    0.122
 16.8500   108.24    0.032    0.100
 16.8667   108.42    0.053    0.109
 16.8833   108.61   -0.025    0.114
 16.9000   108.79    0.029    0.095
 16.9167   108.97    0.017    0.134
 16.9333   109.16   -0.010    0.108
 16.9500   109.34    0.011    0.131
 16.9667   109.53   -0.013    0.150
 16.9833   109.71    0.029    0.099
 17.0000   109.89   -0.008    0.106
 17.0167   110.08   -0.004    0.118
 17.0333   110.26    0.057    0.110
 17.0500   110.45    0.053    0.127
 17.0667   110.63    0.042    0.126
 17.0833   110.82    0.070    0.128
 17.1000   111.00    0.051    0.121
 17.1167   111.19    0.059    0.103
 17.1333   111.37    0.017    0.125
 17.1500   111.56    0.057    0.085
 17.1667   111.74    0.070    0.112
 17.1833   111.93    0.055    0.138
 17.2000   112.11    0.011    0.106
 17.2167   112.30    0.032    0.105
 17.2333   112.48    0.049    0.125
 17.2500   112.67   -0.013    0.090
 17.2667   112.86    0.036    0.099
 17.2833   113.04    0.011    0.109
 17.3000   113.23    0.032    0.122
 17.3167   113.42    0.027    0.108
 17.3333   113.60    0.030    0.099
 17.3500   113.79   -0.036    0.116
 17.3667   113.97    0.032    0.122
 17.3833   114.16    0.067    0.124
 17.4000   114.35    0.057    0.125
 17.4167   114.53    0.082    0.151
 17.4333   114.72    0.048    0.103
 17.4500   114.91    0.027    0.105
 17.4667   115.09    0.021    0.096
 17.4833   115.28    0.036    0.083
 17.5000   115.47    0.027    0.115
 17.5167   115.66    0.088    0.099
 17.5333   115.84    0.059    0.098
 17.5500   116.03    0.105    0.133
 17.5667   116.22    0.099    0.120
 17.5833   116.41    0.080    0.081
 17.6000   116.59    0.076    0.134
 17.6167   116.78    0.013    0.103
 17.6333   116.97    0.061    0.098
 17.6500   117.16    0.042    0.118
 17.6667   117.34    0.055    0.111
 17.6833   117.53    0.068    0.115
 17.7000   117.72    0.044    0.102
 17.7167   117.91    0.055    0.081
 17.7333   118.09    0.032    0.107
 17.7500   118.28    0.074    0.117
 17.7667   118.47    0.029    0.105
 17.7833   118.66    0.046    0.138
 17.8000   118.85    0.051    0.121
 17.8167   119.04    0.010    0.088
 17.8333   119.22    0.017    0.097
 17.8500   119.41    0.049    0.126
 17.8667   119.60    0.065    0.119
 17.8833   119.79    0.036    0.092
 17.9000   119.98    0.038    0.102
 17.9167   120.17    0.010    0.113
 17.9333   120.36    0.061    0.123
 17.9500   120.55    0.051    0.125
 17.9667   120.73    0.051    0.119
 17.9833   120.92    0.063    0.105
 18.0000   121.11    0.068    0.109
 18.0167   121.30    0.074    0.092
 18.0333   121.49    0.105    0.132
 18.0500   121.68    0.107    0.119
 18.0667   121.87    0.082    0.096
 18.0833   122.06    0.091    0.109
 18.1000   122.25    0.074    0.139
 18.1167   122.44    0.065    0.142
 18.1333   122.63    0.088    0.136
 18.1500   122.81    0.122    0.107
 18.1667   123.00    0.089    0.097
 18.1833   123.19    0.078    0.104
 18.2000   123.38    0.040    0.116
 18.2167   123.57    0.088    0.143
 18.2333   123.76    0.129    0.110
 18.2500   123.95    0.146    0.119
 18.2667   124.14    0.072    0.119
 18.2833   124.33    0.082    0.111
 18.3000   124.52    0.141    0.119
 18.3167   124.71    0.139    0.113
 18.3333   124.90    0.112    0.112
 18.3500   125.09    0.116    0.091
 18.3667   125.28    0.124    0.096
 18.3833   125.47    0.107    0.117
 18.4000   125.66    0.057    0.123
 18.4167   125.85    0.072    0.108
 18.4333   126.04    0.070    0.142
 18.4500   126.23    0.099    0.093
 18.4667   126.42    0.088    0.101
 18.4833   126.61    0.089    0.138
 18.5000   126.80    0.074    0.122
 18.5167   126.98    0.088    0.093
 18.5333   127.17    0.097    0.133
 18.5500   127.36    0.118    0.093
 18.5667   127.55    0.107    0.138
 18.5833   127.74    0.114    0.124
 18.6000   127.93    0.088    0.119
 18.6167   128.12    0.116    0.112
 18.6333   128.31    0.122    0.105
 18.6500   128.50    0.114    0.106
 18.6667   128.69    0.099    0.111
 18.6833   128.88    0.097    0.102
 18.7000   129.07    0.126    0.105
 18.7167   129.26    0.124    0.128
 18.7333   129.45    0.124    0.138
 18.7500   129.64    0.105    0.126
 18.7667   129.83    0.103    0.086
 18.7833   130.02    0.154    0.091
 18.8000   130.21    0.093    0.112
 18.8167   130.40    0.112    0.102
 18.8333   130.59    0.101    0.130
 18.8500   130.78    0.131    0.097
 18.8667   130.96    0.122    0.126
 18.8833   131.15    0.124    0.121
 18.9000   131.34    0.146    0.113
 18.9167   131.53    0.088    0.118
 18.9333   131.72    0.158    0.092
 18.9500   131.91    0.084    0.127
 18.9667   132.10    0.137    0.102
 18.9833   132.29    0.110    0.118
 19.0000   132.48    0.078    0.095
 19.0167   132.66    0.108    0.112
 19.0333   132.85    0.154    0.126
 19.0500   133.04    0.135    0.113
 19.0667   133.23    0.141    0.111
 19.0833   133.42    0.110    0.109
 19.1000   133.61    0.133    0.116
 19.1167   133.80    0.097    0.141
 19.1333   133.99    0.088    0.122
 19.1500   134.17    0.146    0.133
 19.1667   134.36    0.088    0.152
 19.1833   134.55    0.116    0.148
 19.2000   134.74    0.124    0.106
 19.2167   134.93    0.133    0.118
 19.2333   135.12    0.074    0.125
 19.2500   135.30    0.093    0.120
 19.2667   135.49    0.116    0.092
 19.2833   135.68    0.107    0.124
 19.3000   135.87    0.108    0.105
 19.3167   136.05    0.124    0.073
 19.3333   136.24    0.139    0.133
 19.3500   136.43    0.088    0.076
 19.3667   136.62    0.118    0.105
 19.3833   136.80    0.162    0.133
 19.4000   136.99    0.133    0.091
 19.4167   137.18    0.107    0.095
 19.4333   137.36    0.114    0.138
 19.4500   137.55    0.120    0.129
 19.4667   137.74    0.158    0.120
 19.4833   137.92    0.152    0.124
 19.5000   138.11    0.089    0.120
 19.5167   138.30    0.120    0.115
 19.5333   138.48    0.126    0.127
 19.5500   138.67    0.118    0.107
 19.5667   138.85    0.114    0.101
 19.5833   139.04    0.114    0.130
 19.6000   139.22    0.129    0.120
 19.6167   139.41    0.105    0.124
 19.6333   139.60    0.061    0.118
 19.6500   139.78    0.086    0.117
 19.6667   139.97    0.122    0.108
 19.6833   140.15    0.089    0.132
 19.7000   140.34    0.126    0.109
 19.7167   140.52    0.141    0.112
 19.7333   140.70    0.126    0.113
 19.7500   140.89    0.139    0.117
 19.7667   141.07    0.173    0.133
 19.7833   141.26    0.152    0.083
 19.8000   141.44    0.122    0.115
 19.8167   141.62    0.152    0.096
 19.8333   141.81    0.164    0.106
 19.8500   141.99    0.156    0.091
 19.8667   142.17    0.175    0.153
 19.8833   142.35    0.181    0.109
 19.9000   142.54    0.181    0.114
 19.9167   142.72    0.173    0.109
 19.9333   142.90    0.139    0.114
 19.9500   143.08    0.126    0.135
 19.9667   143.26    0.135    0.112
 19.9833   143.45    0.112    0.144
 20.0000   143.63    0.110    0.125
 20.0167   143.81    0.059    0.126
 20.0333   143.99    0.137    0.125
 20.0500   144.17    0.105    0.123
 20.0667   144.35    0.126    0.083
 20.0833   144.53    0.070    0.087
 20.1000   144.71    0.086    0.128
 20.1167   144.89    0.089    0.117
 20.1333   145.07    0.122    0.116
 20.1500   145.25    0.072    0.089
 20.1667   145.43    0.079    0.112
 20.1833   145.60    0.086    0.114
 20.2000   145.78    0.068    0.113
 20.2167   145.96    0.057    0.101
 20.2333   146.14    0.137    0.109
 20.2500   146.31    0.089    0.107
 20.2667   146.49    0.095    0.132
 20.2833   146.67    0.093    0.110
 20.3000   146.84    0.131    0.111
 20.3167   147.02    0.112    0.105
 20.3333   147.19    0.127    0.131
 20.3500   147.37    0.148    0.117
 20.3667   147.54    0.107    0.109
 20.3833   147.72    0.120    0.105
 20.4000   147.89    0.120    0.142
 20.4167   148.07    0.146    0.122
 20.4333   148.24    0.139    0.119
 20.4500   148.41    0.091    0.126
 20.4667   148.58    0.091    0.120
 20.4833   148.76    0.112    0.110
 20.5000   148.93    0.108    0.129
 20.5167   149.10    0.120    0.093
 20.5333   149.27    0.114    0.110
 20.5500   149.44    0.126    0.122
 20.5667   149.61    0.145    0.121
 20.5833   149.78    0.166    0.116
 20.6000   149.95    0.137    0.104
 20.6167   150.12    0.146    0.094
 20.6333   150.28    0.129    0.112
 20.6500   150.45    0.154    0.110
 20.6667   150.62    0.164    0.113
 20.6833   150.79    0.137    0.102
 20.7000   150.95    0.148    0.134
 20.7167   151.12    0.099    0.139
 20.7333   151.28    0.116    0.127
 20.7500   151.45    0.137    0.111
 20.7667   151.61    0.171    0.115
 20.7833   151.77    0.145    0.104
 20.8000   151.94    0.150    0.155
 20.8167   152.10    0.146    0.125
 20.8333   152.26    0.154    0.128
 20.8500   152.42    0.122    0.143
 20.8667   152.58    0.131    0.124
 20.8833   152.74    0.171    0.137
 20.9000   152.90    0.148    0.164
 20.9167   153.06    0.177    0.157
 20.9333   153.22    0.164    0.182
 20.9500   153.37    0.091    0.133
 20.9667   153.53    0.141    0.125
 20.9833   153.68    0.051    0.181
 21.0000   153.84    0.110    0.161
 21.0167   153.99    0.112    0.173
 21.0333   154.15    0.112    0.152
 21.0500   154.30    0.141    0.163
 21.0667   154.45    0.139    0.173
 21.0833   154.60    0.204    0.142
 21.1000   154.75    0.200    0.197
 21.1167   154.90    0.205    0.272
 21.1333   155.05    0.200    0.161
 21.1500   155.20    0.242    0.198
 21.1667   155.34    0.202    0.190
 21.1833   155.49    0.166    0.178
 21.2000   155.63    0.127    0.181
 21.2167   155.78    0.156    0.158
 21.2333   155.92    0.179    0.152
 21.2500   156.06    0.160    0.154
 21.2667   156.20    0.221    0.133
 21.2833   156.34    0.177    0.146
 21.3000   156.48    0.126    0.136
 21.3167   156.62    0.131    0.167
 21.3333   156.76    0.162    0.139
 21.3500   156.89    0.173    0.169
 21.3667   157.03    0.198    0.138
 21.3833   157.16    0.211    0.169
 21.4000   157.29    0.232    0.132
 21.4167   157.43    0.259    0.146
 21.4333   157.56    0.253    0.139
 21.4500   157.68    0.244    0.119
 21.4667   157.81    0.238    0.113
 21.4833   157.94    0.219    0.109
 21.5000   158.06    0.236    0.151
 21.5167   158.19    0.240    0.143
 21.5333   158.31    0.234    0.116
 21.5500   158.43    0.225    0.137
 21.5667   158.55    0.278    0.142
 21.5833   158.67    0.228    0.124
 21.6000   158.79    0.211    0.117
 21.6167   158.90    0.221    0.120
 21.6333   159.02    0.196    0.128
 21.6500   159.13    0.242    0.111
 21.6667   159.24    0.181    0.159
 21.6833   159.35    0.226    0.158
 21.7000   159.46    0.177    0.142
 21.7167   159.56    0.244    0.122
 21.7333   159.67    0.255    0.151
 21.7500   159.77    0.192    0.114
 21.7667   159.87    0.205    0.160
 21.7833   159.97    0.196    0.140
 21.8000   160.07    0.198    0.123
 21.8167   160.17    0.196    0.134
 21.8333   160.26    0.185    0.104
 21.8500   160.36    0.160    0.133
 21.8667   160.45    0.169    0.103
 21.8833   160.54    0.167    0.116
 21.9000   160.62    0.192    0.122
 21.9167   160.71    0.133    0.122
 21.9333   160.79    0.169    0.107
 21.9500   160.87    0.171    0.111
 21.9667   160.95    0.183    0.104
 21.9833   161.03    0.139    0.127
 22.0000   161.11    0.186    0.105
 22.0167   161.18    0.215    0.111
 22.0333   161.25    0.215    0.119
 22.0500   161.32    0.249    0.102
 22.0667   161.39    0.261    0.102
 22.0833   161.45    0.240    0.118
 22.1000   161.52    0.209    0.093
 22.1167   161.58    0.251    0.091
 22.1333   161.64    0.251    0.095
 22.1500   161.69    0.219    0.099
 22.1667   161.75    0.215    0.120
 22.1833   161.80    0.181    0.131
 22.2000   161.85    0.177    0.111
 22.2167   161.90    0.177    0.123
 22.2333   161.94    0.177    0.098
 22.2500   161.98    0.188    0.112
 22.2667   162.02    0.152    0.089
 22.2833   162.06    0.129    0.112
 22.3000   162.10    0.185    0.131
 22.3167   162.13    0.179    0.114
 22.3333   162.16    0.209    0.103
 22.3500   162.19    0.238    0.103
 22.3667   162.21    0.244    0.106
 22.3833   162.24    0.245    0.108
 22.4000   162.26    0.244    0.120
 22.4167   162.28    0.219    0.094
 22.4333   162.29    0.234    0.104
 22.4500   162.30    0.253    0.101
 22.4667   162.31    0.242    0.091
 22.4833   162.32    0.270    0.118
 22.5000   162.33    0.200    0.130
 22.5167   162.33    0.240    0.112
 22.5333   162.33    0.234    0.112
 22.5500   162.33    0.225    0.105
 22.5667   162.33    0.257    0.127
 22.5833   162.32    0.245    0.122
 22.6000   162.31    0.261    0.096
 22.6167   162.30    0.276    0.138
 22.6333   162.28    0.247    0.120
 22.6500   162.27    0.295    0.126
 22.6667   162.25    0.316    0.121
 22.6833   162.23    0.280    0.102
 22.7000   162.20    0.295    0.092
 22.7167   162.18    0.285    0.118
 22.7333   162.15    0.316    0.137
 22.7500   162.12    0.371    0.117
 22.7667   162.08    0.358    0.101
 22.7833   162.05    0.381    0.137
 22.8000   162.01    0.333    0.132
 22.8167   161.97    0.341    0.149
 22.8333   161.92    0.333    0.137
 22.8500   161.88    0.301    0.121
 22.8667   161.83    0.322    0.145
 22.8833   161.78    0.308    0.124
 22.9000   161.73    0.360    0.157
 22.9167   161.67    0.377    0.130
 22.9333   161.61    0.386    0.101
 22.9500   161.55    0.318    0.148
 22.9667   161.49    0.356    0.129
 22.9833   161.43    0.381    0.125
 23.0000   161.36    0.342    0.133
 23.0167   161.29    0.396    0.118
 23.0333   161.22    0.339    0.113
 23.0500   161.15    0.325    0.106
 23.0667   161.08    0.308    0.096
 23.0833   161.00    0.314    0.120
 23.1000   160.92    0.278    0.109
 23.1167   160.84    0.322    0.090
 23.1333   160.76    0.268    0.124
 23.1500   160.68    0.234    0.078
 23.1667   160.59    0.270    0.152
 23.1833   160.50    0.253    0.103
 23.2000   160.41    0.245    0.111
 23.2167   160.32    0.213    0.121
 23.2333   160.23    0.232    0.118
 23.2500   160.13    0.240    0.127
 23.2667   160.03    0.230    0.121
 23.2833   159.94    0.285    0.109
 23.3000   159.84    0.257    0.129
 23.3167   159.73    0.270    0.101
 23.3333   159.63    0.232    0.114
 23.3500   159.52    0.213    0.103
 23.3667   159.42    0.232    0.083
 23.3833   159.31    0.259    0.102
 23.4000   159.20    0.232    0.118
 23.4167   159.09    0.242    0.102
 23.4333   158.97    0.234    0.117
 23.4500   158.86    0.268    0.105
 23.4667   158.74    0.270    0.110
 23.4833   158.62    0.285    0.135
 23.5000   158.50    0.251    0.117
 23.5167   158.38    0.304    0.111
 23.5333   158.26    0.306    0.125
 23.5500   158.14    0.327    0.134
 23.5667   158.01    0.354    0.123
 23.5833   157.89    0.379    0.109
 23.6000   157.76    0.419    0.122
 23.6167   157.63    0.381    0.119
 23.6333   157.50    0.390    0.132
 23.6500   157.38    0.369    0.121
 23.6667   157.24    0.392    0.130
 23.6833   157.11    0.413    0.160
 23.7000   156.98    0.386    0.166
 23.7167   156.84    0.373    0.156
 23.7333   156.71    0.365    0.162
 23.7500   156.57    0.365    0.185
 23.7667   156.43    0.337    0.182
 23.7833   156.29    0.381    0.157
 23.8000   156.15    0.348    0.148
 23.8167   156.01    0.310    0.195
 23.8333   155.87    0.360    0.173
 23.8500   155.72    0.415    0.176
 23.8667   155.58    0.401    0.211
 23.8833   155.43    0.339    0.228
 23.9000   155.29    0.228    0.219
 23.9167   155.14    0.350    0.157
 23.9333   154.99    0.335    0.171
 23.9500   154.84    0.276    0.227
 23.9667   154.69    0.272    0.188
 23.9833   154.54    0.221    0.198
 24.0000   154.39    0.230    0.200
