 TIME_UT    SZA    [W.m-2]   st.dev 
  0.0167   154.23    1.276     2.71
  0.0333   154.08    0.000     3.01
  0.0500   153.92    0.000     2.76
  0.0667   153.77    0.000     3.06
  0.0833   153.61    0.498     2.73
  0.1000   153.46    0.102     2.91
  0.1167   153.30    0.000     3.70
  0.1333   153.14    0.000     3.56
  0.1500   152.98    0.421     2.87
  0.1667   152.82    0.089     3.06
  0.1833   152.66    0.000     2.65
  0.2000   152.50    0.000     3.61
  0.2167   152.34    0.000     3.32
  0.2333   152.18    0.396     3.07
  0.2500   152.02    0.000     2.34
  0.2667   151.85    0.000     3.02
  0.2833   151.69    0.000     3.04
  0.3000   151.53    0.000     2.92
  0.3167   151.36    1.008     3.28
  0.3333   151.20    0.268     2.62
  0.3500   151.03    0.000     3.15
  0.3667   150.87    0.000     3.10
  0.3833   150.70    0.000     2.52
  0.4000   150.53    0.140     2.54
  0.4167   150.36    0.689     2.80
  0.4333   150.20    0.000     2.25
  0.4500   150.03    0.651     2.75
  0.4667   149.86    0.000     2.79
  0.4833   149.69    0.587     3.07
  0.5000   149.52    0.077     3.88
  0.5167   149.35    0.587     3.25
  0.5333   149.18    0.000     3.46
  0.5500   149.01    0.676     2.92
  0.5667   148.83    0.000     2.34
  0.5833   148.66    0.000     3.44
  0.6000   148.49    0.128     2.91
  0.6167   148.32    0.051     2.51
  0.6333   148.14    0.000     3.46
  0.6500   147.97    0.332     3.06
  0.6667   147.80    0.000     3.08
  0.6833   147.62    0.740     3.54
  0.7000   147.45    0.000     3.37
  0.7167   147.27    0.000     2.53
  0.7333   147.10    0.000     3.25
  0.7500   146.92    0.000     3.04
  0.7667   146.74    0.000     3.42
  0.7833   146.57    0.191     2.58
  0.8000   146.39    0.000     2.38
  0.8167   146.21    0.000     3.12
  0.8333   146.03    0.217     3.11
  0.8500   145.86    0.000     3.15
  0.8667   145.68    0.000     3.34
  0.8833   145.50    0.217     3.01
  0.9000   145.32    0.000     2.95
  0.9167   145.14    0.370     2.76
  0.9333   144.96    0.357     2.93
  0.9500   144.78    0.000     3.45
  0.9667   144.60    0.000     2.59
  0.9833   144.43    0.153     2.88
  1.0000   144.25    0.000     3.52
  1.0167   144.06    0.000     3.23
  1.0333   143.88    0.714     3.65
  1.0500   143.70    0.000     3.01
  1.0667   143.52    0.000     2.75
  1.0833   143.34    0.000     2.97
  1.1000   143.16    0.000     2.93
  1.1167   142.98    0.000     2.63
  1.1333   142.79    0.000     2.63
  1.1500   142.61    0.000     3.16
  1.1667   142.43    0.357     3.15
  1.1833   142.25    0.000     3.54
  1.2000   142.06    0.000     2.53
  1.2167   141.88    0.000     3.72
  1.2333   141.70    0.000     2.70
  1.2500   141.51    0.000     2.67
  1.2667   141.33    0.000     2.96
  1.2833   141.15    0.000     2.55
  1.3000   140.96    0.000     2.90
  1.3167   140.78    0.000     2.90
  1.3333   140.59    0.893     2.25
  1.3500   140.41    0.000     2.68
  1.3667   140.22    0.000     2.77
  1.3833   140.04    0.000     3.19
  1.4000   139.85    0.000     3.67
  1.4167   139.67    0.000     2.77
  1.4333   139.48    0.383     3.04
  1.4500   139.30    0.000     3.02
  1.4667   139.11    0.153     2.90
  1.4833   138.93    0.000     2.81
  1.5000   138.74    0.000     2.31
  1.5167   138.55    0.268     2.67
  1.5333   138.37    0.000     3.17
  1.5500   138.18    0.153     2.67
  1.5667   138.00    0.000     3.31
  1.5833   137.81    0.000     3.12
  1.6000   137.62    0.242     3.50
  1.6167   137.44    0.000     2.51
  1.6333   137.25    1.276     3.14
  1.6500   137.06    0.000     2.95
  1.6667   136.87    0.230     2.93
  1.6833   136.69    0.765     3.29
  1.7000   136.50    0.600     3.12
  1.7167   136.31    0.689     2.78
  1.7333   136.12    0.153     2.94
  1.7500   135.94    0.255     3.19
  1.7667   135.75    0.242     3.20
  1.7833   135.56    0.000     2.82
  1.8000   135.37    0.000     2.79
  1.8167   135.19    0.000     2.73
  1.8333   135.00    0.000     3.26
  1.8500   134.81    0.000     3.03
  1.8667   134.62    0.536     2.84
  1.8833   134.43    0.191     3.05
  1.9000   134.24    1.301     2.70
  1.9167   134.06    0.931     2.84
  1.9333   133.87    0.000     3.01
  1.9500   133.68    0.893     2.82
  1.9667   133.49    0.000     3.21
  1.9833   133.30    0.217     2.64
  2.0000   133.11    0.574     3.31
  2.0167   132.92    0.038     2.91
  2.0333   132.73    0.000     3.72
  2.0500   132.55    1.021     3.03
  2.0667   132.36    1.021     2.59
  2.0833   132.17    0.689     2.91
  2.1000   131.98    0.561     3.02
  2.1167   131.79    1.289     2.75
  2.1333   131.60    0.447     3.71
  2.1500   131.41    0.242     2.71
  2.1667   131.22    0.842     2.58
  2.1833   131.03    0.000     3.16
  2.2000   130.84    0.128     2.68
  2.2167   130.65    0.396     2.75
  2.2333   130.46    0.765     2.41
  2.2500   130.28    0.982     2.31
  2.2667   130.09    0.000     2.75
  2.2833   129.90    0.549     2.69
  2.3000   129.71    0.447     2.60
  2.3167   129.52    0.000     2.14
  2.3333   129.33    0.089     3.12
  2.3500   129.14    0.281     3.42
  2.3667   128.95    0.383     2.89
  2.3833   128.76    0.600     2.80
  2.4000   128.57    0.191     3.26
  2.4167   128.38    0.293     2.88
  2.4333   128.19    0.638     3.19
  2.4500   128.00    0.000     3.05
  2.4667   127.81    0.000     3.16
  2.4833   127.62    1.123     2.73
  2.5000   127.43    0.536     2.44
  2.5167   127.24    0.102     2.92
  2.5333   127.05    0.408     2.60
  2.5500   126.86    0.000     2.49
  2.5667   126.67    1.301     3.37
  2.5833   126.48    0.931     3.17
  2.6000   126.29    0.000     2.37
  2.6167   126.10    0.498     2.72
  2.6333   125.91    0.510     2.62
  2.6500   125.72    1.327     2.39
  2.6667   125.53    0.817     3.39
  2.6833   125.34    0.549     2.62
  2.7000   125.16    1.199     2.84
  2.7167   124.97    0.293     3.32
  2.7333   124.78    0.064     2.75
  2.7500   124.59    0.421     2.53
  2.7667   124.40    0.051     2.91
  2.7833   124.21    0.000     3.31
  2.8000   124.02    0.000     3.30
  2.8167   123.83    0.689     2.72
  2.8333   123.64    0.000     3.28
  2.8500   123.45    1.531     3.65
  2.8667   123.26    0.000     2.85
  2.8833   123.07    1.276     3.35
  2.9000   122.88    0.000     2.22
  2.9167   122.69    0.702     3.31
  2.9333   122.50    0.919     3.25
  2.9500   122.31    0.000     2.71
  2.9667   122.12    0.051     2.73
  2.9833   121.93    0.000     2.63
  3.0000   121.75    0.013     2.33
  3.0167   121.56    0.000     2.95
  3.0333   121.37    0.000     2.43
  3.0500   121.18    0.319     3.40
  3.0667   120.99    0.000     2.96
  3.0833   120.80    0.000     3.15
  3.1000   120.61    0.000     2.70
  3.1167   120.42    0.842     3.48
  3.1333   120.23    0.421     2.93
  3.1500   120.05    0.000     3.15
  3.1667   119.86    0.089     2.95
  3.1833   119.67    0.000     2.94
  3.2000   119.48    0.549     2.81
  3.2167   119.29    0.000     3.46
  3.2333   119.10    0.140     3.27
  3.2500   118.91    0.000     2.45
  3.2667   118.72    0.000     3.51
  3.2833   118.54    0.561     2.63
  3.3000   118.35    1.097     3.44
  3.3167   118.16    0.000     3.72
  3.3333   117.97    0.459     2.94
  3.3500   117.78    0.051     3.52
  3.3667   117.59    0.000     2.72
  3.3833   117.41    0.000     2.71
  3.4000   117.22    0.000     3.14
  3.4167   117.03    0.064     2.62
  3.4333   116.84    0.000     2.31
  3.4500   116.66    0.000     3.08
  3.4667   116.47    0.217     2.68
  3.4833   116.28    0.204     3.11
  3.5000   116.09    0.000     3.19
  3.5167   115.91    0.179     2.83
  3.5333   115.72    0.191     2.91
  3.5500   115.53    0.089     3.89
  3.5667   115.34    0.000     2.88
  3.5833   115.16    0.000     2.83
  3.6000   114.97    0.625     3.06
  3.6167   114.78    0.344     3.20
  3.6333   114.60    0.217     2.71
  3.6500   114.41    0.714     3.04
  3.6667   114.22    0.689     2.99
  3.6833   114.04    0.000     3.16
  3.7000   113.85    0.549     3.68
  3.7167   113.66    0.306     3.21
  3.7333   113.48    0.000     2.86
  3.7500   113.29    0.000     2.63
  3.7667   113.11    0.293     2.51
  3.7833   112.92    0.765     3.47
  3.8000   112.73    0.000     3.84
  3.8167   112.55    0.000     2.62
  3.8333   112.36    0.000     2.49
  3.8500   112.18    0.000     3.48
  3.8667   111.99    0.370     3.93
  3.8833   111.81    0.000     2.24
  3.9000   111.62    0.000     3.37
  3.9167   111.44    0.000     3.05
  3.9333   111.25    0.000     3.08
  3.9500   111.06    0.000     2.53
  3.9667   110.88    0.000     2.91
  3.9833   110.69    0.000     3.01
  4.0000   110.51    0.000     2.91
  4.0167   110.33    0.000     2.89
  4.0333   110.14    0.000     3.51
  4.0500   109.96    0.000     3.24
  4.0667   109.77    0.000     2.75
  4.0833   109.59    0.000     4.18
  4.1000   109.40    0.000     2.54
  4.1167   109.22    0.000     2.60
  4.1333   109.04    0.128     3.04
  4.1500   108.85    0.000     1.92
  4.1667   108.67    0.000     2.54
  4.1833   108.49    0.102     2.02
  4.2000   108.30    0.000     2.39
  4.2167   108.12    0.000     2.88
  4.2333   107.94    0.000     3.10
  4.2500   107.75    0.000     2.31
  4.2667   107.57    0.727     2.60
  4.2833   107.39    0.000     3.06
  4.3000   107.21    0.344     2.92
  4.3167   107.02    0.995     2.53
  4.3333   106.84    0.102     3.00
  4.3500   106.66    0.000     3.12
  4.3667   106.48    0.370     3.54
  4.3833   106.30    0.000     3.26
  4.4000   106.11    0.000     2.98
  4.4167   105.93    0.000     3.65
  4.4333   105.75    0.000     3.02
  4.4500   105.57    0.293     3.49
  4.4667   105.39    0.000     2.29
  4.4833   105.21    0.000     2.25
  4.5000   105.03    0.089     2.79
  4.5167   104.85    0.000     2.06
  4.5333   104.67    0.166     2.54
  4.5500   104.48    0.000     2.47
  4.5667   104.31    0.000     2.96
  4.5833   104.12    0.765     2.35
  4.6000   103.94    0.000     3.06
  4.6167   103.77    0.000     2.92
  4.6333   103.58    0.000     3.34
  4.6500   103.41    0.319     2.71
  4.6667   103.23    0.051     2.86
  4.6833   103.05    0.064     2.77
  4.7000   102.87    0.000     2.72
  4.7167   102.69    0.000     2.90
  4.7333   102.51    0.051     2.69
  4.7500   102.33    0.498     3.77
  4.7667   102.15    0.000     3.09
  4.7833   101.98    1.008     3.04
  4.8000   101.80    1.046     3.19
  4.8167   101.62    0.000     3.03
  4.8333   101.44    0.676     3.32
  4.8500   101.27    0.242     2.95
  4.8667   101.09    0.000     3.44
  4.8833   100.91    0.242     3.29
  4.9000   100.73    0.804     3.25
  4.9167   100.56    0.000     2.95
  4.9333   100.38    0.128     3.13
  4.9500   100.20    0.268     3.77
  4.9667   100.03    0.791     3.65
  4.9833    99.85    0.587     2.56
  5.0000    99.68    0.000     2.79
  5.0167    99.50    0.000     2.67
  5.0333    99.33    0.000     3.42
  5.0500    99.15    0.012     3.77
  5.0667    98.97    0.398     2.27
  5.0833    98.80    0.000     2.93
  5.1000    98.62    0.000     2.69
  5.1167    98.45    0.000     2.92
  5.1333    98.28    0.615     2.24
  5.1500    98.10    0.000     2.58
  5.1667    97.93    0.000     2.85
  5.1833    97.75    0.037     3.44
  5.2000    97.58    0.000     2.62
  5.2167    97.41    0.000     2.77
  5.2333    97.23    0.000     2.94
  5.2500    97.06    0.483     2.50
  5.2667    96.89    0.372     3.17
  5.2833    96.72    0.018     3.43
  5.3000    96.55    0.000     3.04
  5.3167    96.37    0.000     2.88
  5.3333    96.20    0.000     3.15
  5.3500    96.03    0.000     2.64
  5.3667    95.86    0.000     3.93
  5.3833    95.69    0.000     2.50
  5.4000    95.52    0.792     3.12
  5.4167    95.34    0.000     2.67
  5.4333    95.17    0.000     3.31
  5.4500    95.00    0.000     3.17
  5.4667    94.83    0.000     2.79
  5.4833    94.67    0.000     2.69
  5.5000    94.50    0.000     3.17
  5.5167    94.33    0.000     2.62
  5.5333    94.16    0.000     3.60
  5.5500    93.99    0.000     2.93
  5.5667    93.82    0.000     2.65
  5.5833    93.65    0.000     3.76
  5.6000    93.48    0.038     2.91
  5.6167    93.31    0.000     3.13
  5.6333    93.15    0.236     3.06
  5.6500    92.98    0.979     2.85
  5.6667    92.81    0.000     2.82
  5.6833    92.64    0.000     2.73
  5.7000    92.48    0.000     2.59
  5.7167    92.31    0.000     2.33
  5.7333    92.15    0.203     3.13
  5.7500    91.98    0.245     3.81
  5.7667    91.81    0.000     3.22
  5.7833    91.65    0.391     2.63
  5.8000    91.48    1.287     3.24
  5.8167    91.32    1.112     2.67
  5.8333    91.16    1.421     2.87
  5.8500    90.99    0.837     3.03
  5.8667    90.83    0.840     2.98
  5.8833    90.66    1.124     3.43
  5.9000    89.91    2.569     3.59
  5.9167    89.79    1.309     3.08
  5.9333    89.66    0.827     3.31
  5.9500    89.53    2.617     2.94
  5.9667    89.40    2.773     3.11
  5.9833    89.26    2.521     2.77
  6.0000    89.12    2.868     2.86
  6.0167    88.98    2.578     2.61
  6.0333    88.84    3.385     2.47
  6.0500    88.69    4.383     2.71
  6.0667    88.55    5.305     3.41
  6.0833    88.40    5.512     3.67
  6.1000    88.26    4.877     3.62
  6.1167    88.11    5.875     2.78
  6.1333    87.96    6.988     3.39
  6.1500    87.81    6.558     2.75
  6.1667    87.66    8.500     3.32
  6.1833    87.51    8.133     2.79
  6.2000    87.36    9.106     3.08
  6.2167    87.21   10.984     2.44
  6.2333    87.06   10.834     2.85
  6.2500    86.91   11.756     2.81
  6.2667    86.76   13.354     2.73
  6.2833    86.61   13.587     2.38
  6.3000    86.46   15.835     2.33
  6.3167    86.31   16.310     2.53
  6.3333    86.16   17.181     2.77
  6.3500    86.01   18.792     2.27
  6.3667    85.86   20.530     3.00
  6.3833    85.71   20.865     3.75
  6.4000    85.56   21.672     3.08
  6.4167    85.41   23.984     2.60
  6.4333    85.26   25.263     2.90
  6.4500    85.11   25.202     3.05
  6.4667    84.96   27.285     2.60
  6.4833    84.81   27.798     2.92
  6.5000    84.66   27.821     2.88
  6.5167    84.51   29.476     2.21
  6.5333    84.36   31.099     2.16
  6.5500    84.21   32.429     3.11
  6.5667    84.06   32.522     3.49
  6.5833    83.92   34.898     2.74
  6.6000    83.77   35.156     2.11
  6.6167    83.62   37.749     3.48
  6.6333    83.47   38.122     2.84
  6.6500    83.33   39.924     3.17
  6.6667    83.18   40.693     2.93
  6.6833    83.03   42.290     2.75
  6.7000    82.89   44.067     2.73
  6.7167    82.74   46.124     3.00
  6.7333    82.59   47.480     3.24
  6.7500    82.45   49.792     2.75
  6.7667    82.30   51.530     2.66
  6.7833    82.16   53.638     2.76
  6.8000    82.02   54.764     2.63
  6.8167    81.87   56.770     3.16
  6.8333    81.73   59.555     2.83
  6.8500    81.58   61.714     2.80
  6.8667    81.44   64.052     3.10
  6.8833    81.30   65.497     2.65
  6.9000    81.16   68.319     2.00
  6.9167    81.01   69.560     3.13
  6.9333    80.87   71.132     2.59
  6.9500    80.73   71.633     2.85
  6.9667    80.59   73.014     2.86
  6.9833    80.45   75.148     3.39
  7.0000    80.31   75.725     2.54
  7.0167    80.17   77.476     3.02
  7.0333    80.03   78.053     2.21
  7.0500    79.89   80.365     2.71
  7.0667    79.75   80.164     2.49
  7.0833    79.61   81.775     2.73
  7.1000    79.48   84.330     2.76
  7.1167    79.34   86.323     2.49
  7.1333    79.20   87.130     2.96
  7.1500    79.06   89.787     2.93
  7.1667    78.93   93.171     2.93
  7.1833    78.79   95.126     3.32
  7.2000    78.66   97.311     2.40
  7.2167    78.52  100.006     2.82
  7.2333    78.39  103.300     2.57
  7.2500    78.25  106.110     3.42
  7.2667    78.12  107.453     3.17
  7.2833    77.99  110.033     2.48
  7.3000    77.85  110.712     3.02
  7.3167    77.72  110.078     2.66
  7.3333    77.59  111.280     2.68
  7.3500    77.46  111.666     3.11
  7.3667    77.33  111.439     2.77
  7.3833    77.19  111.328     2.85
  7.4000    77.06  109.966     3.00
  7.4167    76.94  111.385     2.71
  7.4333    76.81  111.834     2.90
  7.4500    76.68  110.102     2.63
  7.4667    76.55  110.208     2.67
  7.4833    76.42  110.070     2.58
  7.5000    76.29  110.418     3.14
  7.5167    76.17  110.306     3.33
  7.5333    76.04  110.513     3.34
  7.5500    75.91  110.874     2.71
  7.5667    75.79  112.791     2.70
  7.5833    75.66  113.355     2.71
  7.6000    75.54  113.626     2.40
  7.6167    75.41  115.135     2.53
  7.6333    75.29  115.202     2.83
  7.6500    75.17  117.476     3.22
  7.6667    75.04  118.665     2.53
  7.6833    74.92  119.498     2.92
  7.7000    74.80  120.343     2.98
  7.7167    74.68  119.919     2.68
  7.7333    74.56  122.352     3.19
  7.7500    74.44  122.049     3.28
  7.7667    74.32  122.231     3.06
  7.7833    74.20  121.813     2.74
  7.8000    74.08  122.301     2.40
  7.8167    73.96  123.745     2.65
  7.8333    73.84  123.774     3.21
  7.8500    73.73  123.956     3.06
  7.8667    73.61  124.877     3.26
  7.8833    73.50  126.067     2.99
  7.9000    73.38  128.532     2.85
  7.9167    73.26  128.497     3.14
  7.9333    73.15  130.440     3.21
  7.9500    73.04  131.400     2.58
  7.9667    72.92  133.125     3.64
  7.9833    72.81  136.662     3.01
  8.0000    72.70  138.043     2.97
  8.0167    72.59  138.352     2.77
  8.0333    72.47  137.284     2.96
  8.0500    72.36  137.797     2.99
  8.0667    72.25  137.048     2.40
  8.0833    72.14  137.740     2.94
  8.1000    72.04  137.398     2.24
  8.1167    71.93  140.565     2.65
  8.1333    71.82  141.411     2.92
  8.1500    71.71  144.527     3.45
  8.1667    71.61  146.214     2.92
  8.1833    71.50  144.405     3.96
  8.2000    71.39  142.699     3.09
  8.2167    71.29  142.842     2.72
  8.2333    71.19  143.496     3.71
  8.2500    71.08  142.848     3.34
  8.2667    70.98  142.915     2.78
  8.2833    70.88  143.671     3.08
  8.3000    70.78  145.971     3.16
  8.3167    70.67  150.133     3.41
  8.3333    70.57  153.109     3.21
  8.3500    70.47  154.362     3.61
  8.3667    70.38  155.883     3.27
  8.3833    70.28  155.312     2.73
  8.4000    70.18  154.167     3.40
  8.4167    70.08  154.336     2.77
  8.4333    69.98  154.390     2.73
  8.4500    69.89  154.738     2.81
  8.4667    69.79  155.647     3.03
  8.4833    69.70  161.417     3.39
  8.5000    69.60  170.223     3.80
  8.5167    69.51  176.567     2.97
  8.5333    69.42  183.077     3.89
  8.5500    69.32  189.204     5.02
  8.5667    69.23  195.701     3.26
  8.5833    69.14  197.094     3.87
  8.6000    69.05  198.769     4.04
  8.6167    68.96  199.346     2.91
  8.6333    68.87  195.649     4.45
  8.6500    68.78  195.537     3.40
  8.6667    68.69  196.791     4.04
  8.6833    68.61  202.254     4.92
  8.7000    68.52  197.754     3.08
  8.7167    68.44  191.238     4.06
  8.7333    68.35  203.999     6.55
  8.7500    68.27  217.373     6.67
  8.7667    68.18  226.319     5.02
  8.7833    68.10  207.644     9.24
  8.8000    68.02  187.961     7.10
  8.8167    67.94  175.946     3.47
  8.8333    67.85  168.371     2.87
  8.8500    67.77  170.160     2.72
  8.8667    67.69  170.980     2.78
  8.8833    67.61  171.060     3.52
  8.9000    67.54  185.888     6.17
  8.9167    67.46  180.966     3.85
  8.9333    67.38  173.595     4.05
  8.9500    67.31  160.585     4.48
  8.9667    67.23  155.408     3.13
  8.9833    67.16  157.044     3.63
  9.0000    67.08  158.119     5.76
  9.0167    67.01  177.489     5.44
  9.0333    66.94  177.966     3.90
  9.0500    66.86  177.597     4.58
  9.0667    66.79  189.261     4.51
  9.0833    66.72  197.034     5.30
  9.1000    66.65  201.758     5.30
  9.1167    66.58  188.480     4.26
  9.1333    66.52  195.742     3.92
  9.1500    66.45  204.625     5.97
  9.1667    66.38  222.438     6.97
  9.1833    66.32  236.603     4.34
  9.2000    66.25  243.445     3.86
  9.2167    66.19  225.433    20.90
  9.2333    66.12  188.297     5.38
  9.2500    66.06  193.684     5.23
  9.2667    66.00  198.854     5.16
  9.2833    65.94  218.518    12.84
  9.3000    65.88  232.593    12.02
  9.3167    65.82  238.184    12.91
  9.3333    65.76  235.087    10.82
  9.3500    65.70  224.999     9.37
  9.3667    65.64  217.908     9.53
  9.3833    65.58  242.254    10.32
  9.4000    65.53  256.712     8.79
  9.4167    65.47  244.289     7.32
  9.4333    65.42  229.135     3.87
  9.4500    65.36  220.003     3.99
  9.4667    65.31  225.454     4.23
  9.4833    65.26  225.980     3.56
  9.5000    65.21  226.979     4.00
  9.5167    65.16  229.763     4.42
  9.5333    65.11  247.946    11.18
  9.5500    65.06  283.711    10.57
  9.5667    65.01  282.783     6.36
  9.5833    64.96  260.854     8.92
  9.6000    64.92  243.213     3.85
  9.6167    64.87  249.710     5.46
  9.6333    64.83  259.537    10.36
  9.6500    64.78  283.870    11.44
  9.6667    64.74  284.613     5.77
  9.6833    64.69  268.490     6.56
  9.7000    64.65  269.934     8.59
  9.7167    64.61  299.843    17.99
  9.7333    64.57  334.318    10.95
  9.7500    64.53  347.858     9.06
  9.7667    64.49  323.633    17.10
  9.7833    64.45  295.045     7.54
  9.8000    64.42  338.783    18.56
  9.8167    64.38  376.347     7.38
  9.8333    64.35  366.232    12.71
  9.8500    64.31  373.444     5.31
  9.8667    64.28  360.676     8.95
  9.8833    64.25  350.843    11.85
  9.9000    64.21  335.242     8.69
  9.9167    64.18  337.784    14.07
  9.9333    64.15  344.932     9.13
  9.9500    64.12  315.795    14.48
  9.9667    64.09  309.432     8.26
  9.9833    64.07  304.881     7.28
 10.0000    64.04  309.834    14.94
 10.0167    64.01  321.651     9.82
 10.0333    63.99  375.111     7.17
 10.0500    63.96  354.535    12.73
 10.0667    63.94  365.995     8.08
 10.0833    63.92  326.626    20.64
 10.1000    63.89  326.336    10.24
 10.1167    63.87  312.950    13.10
 10.1333    63.85  304.758    12.32
 10.1500    63.83  278.094    10.75
 10.1667    63.81  335.445    24.03
 10.1833    63.80  358.770    10.64
 10.2000    63.78  363.231     7.10
 10.2167    63.76  373.254     5.51
 10.2333    63.75  355.132    11.93
 10.2500    63.73  364.821    15.51
 10.2667    63.72  386.726    13.57
 10.2833    63.71  419.377    18.30
 10.3000    63.69  449.171     6.01
 10.3167    63.68  453.384     6.38
 10.3333    63.67  454.038     7.86
 10.3500    63.66  458.328     5.42
 10.3667    63.65  453.164     9.88
 10.3833    63.65  427.982     5.30
 10.4000    63.64  422.333     8.71
 10.4167    63.63  423.204     5.21
 10.4333    63.63  424.853     5.25
 10.4500    63.62  425.660     4.31
 10.4667    63.62  439.059     5.78
 10.4833    63.62  437.837     4.46
 10.5000    63.62  441.298     4.22
 10.5167    63.62  443.125     3.38
 10.5333    63.62  434.963     6.73
 10.5500    63.62  413.328    10.01
 10.5667    63.62  403.664     9.97
 10.5833    63.62  392.245    11.92
 10.6000    63.62  400.426    12.08
 10.6167    63.63  428.561     8.56
 10.6333    63.63  443.313     8.20
 10.6500    63.64  444.617     4.97
 10.6667    63.64  439.186     5.71
 10.6833    63.65  450.684     6.28
 10.7000    63.66  449.398     6.89
 10.7167    63.67  455.244     4.32
 10.7333    63.68  436.991    12.14
 10.7500    63.69  417.244     6.57
 10.7667    63.70  419.939     4.04
 10.7833    63.72  390.458    13.10
 10.8000    63.73  394.888     8.71
 10.8167    63.74  409.232     5.96
 10.8333    63.76  426.905     4.81
 10.8500    63.77  422.672     9.94
 10.8667    63.79  403.066     6.26
 10.8833    63.81  371.710    14.91
 10.9000    63.83  339.664     4.96
 10.9167    63.84  357.133    19.00
 10.9333    63.87  382.806    12.58
 10.9500    63.89  394.980     5.51
 10.9667    63.91  394.549     4.77
 10.9833    63.93  389.130    11.13
 11.0000    63.95  392.884    15.66
 11.0167    63.98  378.088     6.42
 11.0333    64.00  400.201     6.04
 11.0500    64.03  406.851     7.67
 11.0667    64.06  417.724     7.77
 11.0833    64.08  415.265     4.75
 11.1000    64.11  402.650     7.45
 11.1167    64.14  365.578     6.58
 11.1333    64.17  354.966     6.69
 11.1500    64.20  343.933     5.89
 11.1667    64.23  355.113    11.68
 11.1833    64.27  370.566     5.71
 11.2000    64.30  385.968    10.84
 11.2167    64.34  405.007     3.62
 11.2333    64.37  404.155     6.25
 11.2500    64.41  401.083     4.63
 11.2667    64.44  401.775     5.39
 11.2833    64.48  402.123     5.82
 11.3000    64.52  410.304     4.78
 11.3167    64.56  409.567     5.00
 11.3333    64.60  400.435     3.81
 11.3500    64.64  407.009     5.20
 11.3667    64.68  412.217     3.98
 11.3833    64.72  413.254     3.05
 11.4000    64.77  417.148     3.14
 11.4167    64.81  412.392     3.93
 11.4333    64.86  404.728     4.00
 11.4500    64.90  401.950     4.47
 11.4667    64.95  395.893     3.32
 11.4833    64.99  393.855     3.86
 11.5000    65.04  391.484     3.65
 11.5167    65.09  387.583     3.38
 11.5333    65.14  386.617     4.12
 11.5500    65.19  380.534    10.00
 11.5667    65.24  390.055     3.79
 11.5833    65.29  386.486     3.99
 11.6000    65.35  390.163     4.74
 11.6167    65.40  396.967     3.68
 11.6333    65.45  397.582     3.72
 11.6500    65.51  400.749     3.76
 11.6667    65.56  398.073     2.70
 11.6833    65.62  400.462     3.76
 11.7000    65.68  404.905     4.41
 11.7167    65.74  405.533     3.46
 11.7333    65.80  408.981     3.29
 11.7500    65.86  407.835     3.28
 11.7667    65.92  400.184     4.16
 11.7833    65.98  398.822     2.98
 11.8000    66.04  396.771     3.84
 11.8167    66.10  394.120     4.15
 11.8333    66.17  399.916     3.51
 11.8500    66.23  401.501     3.56
 11.8667    66.30  402.933     3.07
 11.8833    66.36  402.757     3.15
 11.9000    66.43  405.542     3.13
 11.9167    66.49  403.504     3.68
 11.9333    66.56  397.395     4.49
 11.9500    66.63  391.594     4.27
 11.9667    66.70  386.787     3.74
 11.9833    66.77  383.728     3.20
 12.0000    66.84  383.042     3.53
 12.0167    66.91  380.749     3.19
 12.0333    66.98  381.581     4.30
 12.0500    67.06  379.773     3.37
 12.0667    67.13  373.971     4.03
 12.0833    67.21  371.333     3.56
 12.1000    67.28  373.288     3.85
 12.1167    67.36  377.871     3.32
 12.1333    67.43  374.672     4.36
 12.1500    67.51  371.881     3.51
 12.1667    67.59  370.940     3.88
 12.1833    67.67  370.446     3.98
 12.2000    67.75  371.393     3.85
 12.2167    67.83  373.118     3.47
 12.2333    67.91  373.517     3.83
 12.2500    67.99  369.514     3.81
 12.2667    68.07  365.524     3.60
 12.2833    68.16  359.160     4.31
 12.3000    68.24  355.630     3.97
 12.3167    68.32  352.915     2.86
 12.3333    68.41  346.361     4.80
 12.3500    68.49  337.560     5.09
 12.3667    68.58  338.941     3.86
 12.3833    68.67  335.589     3.80
 12.4000    68.75  332.288     3.57
 12.4167    68.84  331.551     3.51
 12.4333    68.93  329.028     4.24
 12.4500    69.02  333.369     3.40
 12.4667    69.11  332.632     3.85
 12.4833    69.20  322.901     3.54
 12.5000    69.29  320.327     3.04
 12.5167    69.39  317.587     5.05
 12.5333    69.48  308.468     6.01
 12.5500    69.57  291.451     5.95
 12.5667    69.67  274.269     8.09
 12.5833    69.76  275.803     5.70
 12.6000    69.86  274.531     5.28
 12.6167    69.95  271.625     4.05
 12.6333    70.05  260.043     6.09
 12.6500    70.15  259.957     3.63
 12.6667    70.24  254.576     5.83
 12.6833    70.34  252.627     4.46
 12.7000    70.44  226.915     7.89
 12.7167    70.54  214.729    14.24
 12.7333    70.64  140.046    16.04
 12.7500    70.74  158.905    16.70
 12.7667    70.84  241.110    13.42
 12.7833    70.95  242.440     4.92
 12.8000    71.05  238.526     3.58
 12.8167    71.15  234.370     4.03
 12.8333    71.26  228.900     5.35
 12.8500    71.36  232.679     4.44
 12.8667    71.47  238.283     4.47
 12.8833    71.57  248.327     4.78
 12.9000    71.68  255.908     5.17
 12.9167    71.78  257.749     3.26
 12.9333    71.89  264.590     5.08
 12.9500    72.00  265.218     3.71
 12.9667    72.11  262.108     3.70
 12.9833    72.22  258.233     5.05
 13.0000    72.33  248.910     3.77
 13.0167    72.44  238.081     6.40
 13.0333    72.55  226.921     3.98
 13.0500    72.66  230.292     4.05
 13.0667    72.77  227.859     4.16
 13.0833    72.89  222.018     3.50
 13.1000    73.00  216.944     3.68
 13.1167    73.11  225.878     7.96
 13.1333    73.23  237.656     3.80
 13.1500    73.34  237.468     3.28
 13.1667    73.46  238.990     2.91
 13.1833    73.57  240.358     3.40
 13.2000    73.69  236.406     4.58
 13.2167    73.81  235.184     3.65
 13.2333    73.92  232.546     4.18
 13.2500    74.04  228.301     3.29
 13.2667    74.16  226.378     4.91
 13.2833    74.28  221.673     4.45
 13.3000    74.40  217.160     3.48
 13.3167    74.52  215.032     3.20
 13.3333    74.64  212.598     3.52
 13.3500    74.76  209.552     4.17
 13.3667    74.88  208.114     2.77
 13.3833    75.00  206.739     3.65
 13.4000    75.13  207.227     3.93
 13.4167    75.25  203.288     3.93
 13.4333    75.37  201.071     4.04
 13.4500    75.50  200.895     3.99
 13.4667    75.62  198.487     3.90
 13.4833    75.75  197.814     3.16
 13.5000    75.87  196.401     2.96
 13.5167    76.00  193.227     3.77
 13.5333    76.12  189.951     3.63
 13.5500    76.25  188.105     3.22
 13.5667    76.38  184.956     4.41
 13.5833    76.51  183.288     3.20
 13.6000    76.64  179.426     3.41
 13.6167    76.76  177.094     2.88
 13.6333    76.89  173.959     4.05
 13.6500    77.02  173.732     3.83
 13.6667    77.15  171.758     4.14
 13.6833    77.28  169.171     3.70
 13.7000    77.41  167.668     4.07
 13.7167    77.55  165.426     3.87
 13.7333    77.68  163.936     3.62
 13.7500    77.81  161.720     3.67
 13.7667    77.94  159.350     3.15
 13.7833    78.08  157.286     4.27
 13.8000    78.21  156.383     3.56
 13.8167    78.34  154.026     3.84
 13.8333    78.48  151.937     3.39
 13.8500    78.61  149.171     3.88
 13.8667    78.75  146.738     3.27
 13.8833    78.88  144.291     3.84
 13.9000    79.02  141.436     3.01
 13.9167    79.16  138.671     3.60
 13.9333    79.29  137.653     2.94
 13.9500    79.43  134.760     3.61
 13.9667    79.57  133.207     3.47
 13.9833    79.71  129.803     3.97
 14.0000    79.84  128.888     3.47
 14.0167    79.98  125.651     3.59
 14.0333    80.12  122.707     3.38
 14.0500    80.26  121.268     3.97
 14.0667    80.40  118.248     3.81
 14.0833    80.54  114.959     3.79
 14.1000    80.68  113.674     2.85
 14.1167    80.83  111.023     2.58
 14.1333    80.97  108.143     2.77
 14.1500    81.11  104.625     3.39
 14.1667    81.25  103.581     3.22
 14.1833    81.39  100.421     3.02
 14.2000    81.54   97.349     3.66
 14.2167    81.68   96.217     3.03
 14.2333    81.82   94.574     2.75
 14.2500    81.97   92.140     4.20
 14.2667    82.11   89.706     4.41
 14.2833    82.26   86.073     3.34
 14.3000    82.40   80.348     4.39
 14.3167    82.55   71.204     5.05
 14.3333    82.69   65.465     3.22
 14.3500    82.84   63.287     3.31
 14.3667    82.98   65.395     3.69
 14.3833    83.13   69.213     3.66
 14.4000    83.28   68.859     2.93
 14.4167    83.42   68.313     2.88
 14.4333    83.57   66.301     3.16
 14.4500    83.72   65.666     3.81
 14.4667    83.87   62.454     3.55
 14.4833    84.02   62.202     2.78
 14.5000    84.16   59.041     2.84
 14.5167    84.31   57.564     3.65
 14.5333    84.46   54.033     3.33
 14.5500    84.61   53.118     3.59
 14.5667    84.76   50.339     4.01
 14.5833    84.91   48.442     3.12
 14.6000    85.06   45.395     3.49
 14.6167    85.21   44.722     3.68
 14.6333    85.36   43.411     3.12
 14.6500    85.51   41.590     2.70
 14.6667    85.66   39.565     3.17
 14.6833    85.81   36.659     2.95
 14.7000    85.96   34.059     3.23
 14.7167    86.11   33.042     3.14
 14.7333    86.26   30.480     2.64
 14.7500    86.41   27.996     3.28
 14.7667    86.56   26.570     2.81
 14.7833    86.71   24.213     3.04
 14.8000    86.86   24.956     2.54
 14.8167    87.01   23.568     2.98
 14.8333    87.16   21.479     4.06
 14.8500    87.31   20.181     3.44
 14.8667    87.46   18.142     3.50
 14.8833    87.61   15.862     2.13
 14.9000    87.76   13.760     2.91
 14.9167    87.91   13.214     3.15
 14.9333    88.06   11.840     3.22
 14.9500    88.21   10.631     3.71
 14.9667    88.36    9.753     3.01
 14.9833    88.50    8.927     2.39
 15.0000    88.65    9.543     3.94
 15.0167    88.79    7.926     2.72
 15.0333    88.94    6.819     3.11
 15.0500    89.08    5.776     3.19
 15.0667    89.22    5.664     2.62
 15.0833    89.35    5.290     3.35
 15.1000    89.49    4.190     2.98
 15.1167    89.62    2.433     3.52
 15.1333    89.75    2.678     3.16
 15.1500    89.87    2.783     3.33
 15.1667    90.61    1.625     3.08
 15.1833    90.77    1.067     2.73
 15.2000    90.94    1.644     3.05
 15.2167    91.10    0.780     2.87
 15.2333    91.27    1.102     2.53
 15.2500    91.43    2.355     2.43
 15.2667    91.59    0.623     2.85
 15.2833    91.76    0.869     2.74
 15.3000    91.93    0.000     2.72
 15.3167    92.09    0.000     3.14
 15.3333    92.26    0.000     3.56
 15.3500    92.42    0.000     2.66
 15.3667    92.59    0.000     3.27
 15.3833    92.76    0.000     2.38
 15.4000    92.92    0.000     3.07
 15.4167    93.09    0.000     2.90
 15.4333    93.26    0.000     3.06
 15.4500    93.43    0.000     3.48
 15.4667    93.59    0.000     3.22
 15.4833    93.76    0.000     3.17
 15.5000    93.93    0.000     2.84
 15.5167    94.10    0.000     3.06
 15.5333    94.27    0.000     3.21
 15.5500    94.44    0.000     3.23
 15.5667    94.61    0.000     2.10
 15.5833    94.78    0.000     3.06
 15.6000    94.95    0.000     2.93
 15.6167    95.12    0.000     2.53
 15.6333    95.29    0.000     2.47
 15.6500    95.46    0.000     3.05
 15.6667    95.63    0.000     2.41
 15.6833    95.80    0.000     3.28
 15.7000    95.97    0.000     2.97
 15.7167    96.14    0.000     3.05
 15.7333    96.32    0.000     2.39
 15.7500    96.49    0.000     2.59
 15.7667    96.66    0.000     3.54
 15.7833    96.83    0.000     2.40
 15.8000    97.00    0.000     2.96
 15.8167    97.18    0.000     2.75
 15.8333    97.35    0.000     2.41
 15.8500    97.52    0.000     2.17
 15.8667    97.70    0.000     3.02
 15.8833    97.87    0.000     3.51
 15.9000    98.05    0.000     2.94
 15.9167    98.22    0.000     2.82
 15.9333    98.39    0.000     2.67
 15.9500    98.57    0.000     3.04
 15.9667    98.74    0.000     3.14
 15.9833    98.92    0.000     3.19
 16.0000    99.09    0.000     3.58
 16.0167    99.27    0.000     3.46
 16.0333    99.44    0.000     3.60
 16.0500    99.62    0.000     4.00
 16.0667    99.79    0.000     3.14
 16.0833    99.97    0.000     2.65
 16.1000   100.15    0.000     3.53
 16.1167   100.32    0.000     2.64
 16.1333   100.50    0.000     3.11
 16.1500   100.67    0.000     3.20
 16.1667   100.85    0.000     2.12
 16.1833   101.03    0.000     2.75
 16.2000   101.21    0.000     2.60
 16.2167   101.38    0.000     3.29
 16.2333   101.56    0.000     2.44
 16.2500   101.74    0.000     2.26
 16.2667   101.92    0.000     3.81
 16.2833   102.09    0.000     2.97
 16.3000   102.27    0.000     3.43
 16.3167   102.45    0.000     3.97
 16.3333   102.63    0.000     2.80
 16.3500   102.81    0.000     2.84
 16.3667   102.99    0.000     2.07
 16.3833   103.17    0.000     3.35
 16.4000   103.35    0.000     2.87
 16.4167   103.53    0.000     3.35
 16.4333   103.70    0.051     3.57
 16.4500   103.89    0.000     2.68
 16.4667   104.06    0.000     3.13
 16.4833   104.25    0.000     2.28
 16.5000   104.42    0.013     2.47
 16.5167   104.61    0.000     3.37
 16.5333   104.79    0.370     2.57
 16.5500   104.97    0.000     2.54
 16.5667   105.15    0.000     2.71
 16.5833   105.33    0.102     3.00
 16.6000   105.51    0.000     2.87
 16.6167   105.69    0.000     2.44
 16.6333   105.87    0.000     2.44
 16.6500   106.05    0.000     2.62
 16.6667   106.23    0.000     2.42
 16.6833   106.42    0.332     2.67
 16.7000   106.60    0.498     2.73
 16.7167   106.78    0.000     2.69
 16.7333   106.96    0.000     3.02
 16.7500   107.14    0.000     3.05
 16.7667   107.33    0.000     2.60
 16.7833   107.51    0.000     2.59
 16.8000   107.69    0.000     3.28
 16.8167   107.88    0.000     3.27
 16.8333   108.06    0.000     3.99
 16.8500   108.24    0.000     3.07
 16.8667   108.42    0.000     4.00
 16.8833   108.61    0.026     3.35
 16.9000   108.79    0.026     2.90
 16.9167   108.97    0.000     2.88
 16.9333   109.16    0.000     3.01
 16.9500   109.34    0.000     2.55
 16.9667   109.53    0.000     3.30
 16.9833   109.71    0.000     3.48
 17.0000   109.89    0.153     2.95
 17.0167   110.08    0.931     3.27
 17.0333   110.26    0.344     3.15
 17.0500   110.45    0.089     3.97
 17.0667   110.63    0.434     3.42
 17.0833   110.82    0.765     2.62
 17.1000   111.00    0.166     3.04
 17.1167   111.19    0.000     3.27
 17.1333   111.37    1.072     3.27
 17.1500   111.56    0.000     2.58
 17.1667   111.74    0.344     2.68
 17.1833   111.93    0.765     2.48
 17.2000   112.11    0.077     2.52
 17.2167   112.30    0.000     3.41
 17.2333   112.48    0.000     2.48
 17.2500   112.67    0.051     2.81
 17.2667   112.86    0.000     3.04
 17.2833   113.04    0.128     3.61
 17.3000   113.23    0.000     2.93
 17.3167   113.42    0.000     2.68
 17.3333   113.60    0.370     3.31
 17.3500   113.79    0.587     2.70
 17.3667   113.97    0.000     3.08
 17.3833   114.16    0.000     2.00
 17.4000   114.35    0.000     2.86
 17.4167   114.53    0.000     3.01
 17.4333   114.72    1.174     2.28
 17.4500   114.91    0.000     3.01
 17.4667   115.09    0.383     3.46
 17.4833   115.28    0.000     3.09
 17.5000   115.47    0.153     3.29
 17.5167   115.66    1.161     2.35
 17.5333   115.84    0.000     2.38
 17.5500   116.03    0.000     2.84
 17.5667   116.22    0.880     2.78
 17.5833   116.41    0.000     2.81
 17.6000   116.59    0.089     2.27
 17.6167   116.78    0.000     2.41
 17.6333   116.97    0.000     2.46
 17.6500   117.16    1.531     3.32
 17.6667   117.34    0.000     3.52
 17.6833   117.53    0.434     3.37
 17.7000   117.72    0.268     2.92
 17.7167   117.91    0.000     3.23
 17.7333   118.09    0.000     3.22
 17.7500   118.28    0.893     3.19
 17.7667   118.47    0.880     3.25
 17.7833   118.66    0.000     2.74
 17.8000   118.85    0.000     3.25
 17.8167   119.04    0.000     2.67
 17.8333   119.22    0.000     3.59
 17.8500   119.41    0.000     2.63
 17.8667   119.60    0.000     2.26
 17.8833   119.79    0.000     3.00
 17.9000   119.98    0.536     3.04
 17.9167   120.17    0.332     3.10
 17.9333   120.36    0.000     2.25
 17.9500   120.55    0.000     2.87
 17.9667   120.73    0.344     2.35
 17.9833   120.92    0.383     3.03
 18.0000   121.11    0.000     3.05
 18.0167   121.30    0.191     3.27
 18.0333   121.49    0.000     2.98
 18.0500   121.68    0.000     3.17
 18.0667   121.87    0.000     2.91
 18.0833   122.06    0.102     3.34
 18.1000   122.25    0.000     2.55
 18.1167   122.44    0.000     2.52
 18.1333   122.63    0.357     2.42
 18.1500   122.81    0.000     2.28
 18.1667   123.00    0.638     3.23
 18.1833   123.19    0.306     3.10
 18.2000   123.38    0.663     2.48
 18.2167   123.57    0.000     3.26
 18.2333   123.76    0.357     4.15
 18.2500   123.95    0.000     2.90
 18.2667   124.14    0.344     3.52
 18.2833   124.33    1.646     2.44
 18.3000   124.52    0.689     2.90
 18.3167   124.71    0.510     3.02
 18.3333   124.90    0.612     2.25
 18.3500   125.09    0.000     2.67
 18.3667   125.28    1.493     2.56
 18.3833   125.47    1.033     3.05
 18.4000   125.66    0.000     2.93
 18.4167   125.85    0.230     3.43
 18.4333   126.04    0.625     2.83
 18.4500   126.23    1.289     2.41
 18.4667   126.42    0.995     2.94
 18.4833   126.61    0.166     2.96
 18.5000   126.80    0.357     2.38
 18.5167   126.98    1.429     3.46
 18.5333   127.17    1.659     3.21
 18.5500   127.36    0.000     3.02
 18.5667   127.55    0.459     2.88
 18.5833   127.74    1.148     3.80
 18.6000   127.93    0.204     3.32
 18.6167   128.12    1.199     3.65
 18.6333   128.31    1.722     3.01
 18.6500   128.50    0.574     2.74
 18.6667   128.69    0.319     3.34
 18.6833   128.88    0.880     3.65
 18.7000   129.07    0.357     3.70
 18.7167   129.26    1.059     3.35
 18.7333   129.45    0.561     3.52
 18.7500   129.64    0.459     2.46
 18.7667   129.83    0.906     3.42
 18.7833   130.02    0.561     2.92
 18.8000   130.21    0.153     2.70
 18.8167   130.40    0.319     2.76
 18.8333   130.59    0.421     3.55
 18.8500   130.78    0.000     3.02
 18.8667   130.96    0.000     2.85
 18.8833   131.15    0.536     3.01
 18.9000   131.34    1.135     3.57
 18.9167   131.53    0.638     3.07
 18.9333   131.72    0.128     2.68
 18.9500   131.91    0.561     3.15
 18.9667   132.10    0.778     3.45
 18.9833   132.29    0.778     2.79
 19.0000   132.48    0.077     3.08
 19.0167   132.66    0.000     2.94
 19.0333   132.85    0.855     2.43
 19.0500   133.04    0.868     2.83
 19.0667   133.23    0.868     2.71
 19.0833   133.42    0.281     2.47
 19.1000   133.61    1.161     2.97
 19.1167   133.80    0.000     2.82
 19.1333   133.99    0.498     4.39
 19.1500   134.17    0.000     2.70
 19.1667   134.36    0.000     2.72
 19.1833   134.55    0.000     2.90
 19.2000   134.74    0.676     3.09
 19.2167   134.93    0.000     2.91
 19.2333   135.12    0.000     3.88
 19.2500   135.30    0.217     2.77
 19.2667   135.49    0.179     3.71
 19.2833   135.68    0.510     2.57
 19.3000   135.87    0.000     3.05
 19.3167   136.05    0.000     3.48
 19.3333   136.24    0.000     2.82
 19.3500   136.43    0.000     2.53
 19.3667   136.62    0.000     2.42
 19.3833   136.80    0.000     2.78
 19.4000   136.99    0.000     3.00
 19.4167   137.18    0.000     2.56
 19.4333   137.36    0.000     3.16
 19.4500   137.55    0.000     3.90
 19.4667   137.74    0.000     3.55
 19.4833   137.92    0.000     2.54
 19.5000   138.11    0.000     3.14
 19.5167   138.30    0.000     2.65
 19.5333   138.48    0.000     3.85
 19.5500   138.67    0.000     3.68
 19.5667   138.85    0.000     2.84
 19.5833   139.04    0.000     2.74
 19.6000   139.22    0.000     3.87
 19.6167   139.41    0.293     3.16
 19.6333   139.60    0.000     3.81
 19.6500   139.78    0.000     3.21
 19.6667   139.97    0.000     3.25
 19.6833   140.15    0.000     2.79
 19.7000   140.34    0.000     2.61
 19.7167   140.52    0.000     3.32
 19.7333   140.70    0.000     3.59
 19.7500   140.89    0.000     2.19
 19.7667   141.07    0.000     3.23
 19.7833   141.26    0.000     2.78
 19.8000   141.44    0.000     3.93
 19.8167   141.62    0.179     2.79
 19.8333   141.81    0.498     3.10
 19.8500   141.99    0.000     3.18
 19.8667   142.17    0.000     3.09
 19.8833   142.35    0.000     2.99
 19.9000   142.54    0.000     3.42
 19.9167   142.72    0.000     2.40
 19.9333   142.90    1.403     3.86
 19.9500   143.08    0.000     3.65
 19.9667   143.26    0.000     3.48
 19.9833   143.45    0.000     4.18
 20.0000   143.63    0.000     2.84
 20.0167   143.81    0.000     3.57
 20.0333   143.99    0.000     2.46
 20.0500   144.17    0.000     2.94
 20.0667   144.35    0.217     3.17
 20.0833   144.53    0.000     3.33
 20.1000   144.71    0.000     2.71
 20.1167   144.89    0.000     2.53
 20.1333   145.07    0.000     2.77
 20.1500   145.25    0.000     3.11
 20.1667   145.43    0.000     3.61
 20.1833   145.60    0.000     2.62
 20.2000   145.78    0.000     2.96
 20.2167   145.96    0.000     3.20
 20.2333   146.14    0.000     2.97
 20.2500   146.31    0.000     3.50
 20.2667   146.49    0.140     3.17
 20.2833   146.67    0.000     2.99
 20.3000   146.84    0.000     2.48
 20.3167   147.02    0.000     3.44
 20.3333   147.19    0.000     3.56
 20.3500   147.37    0.000     2.75
 20.3667   147.54    0.000     3.07
 20.3833   147.72    0.000     3.52
 20.4000   147.89    0.000     2.18
 20.4167   148.07    0.000     3.19
 20.4333   148.24    0.000     2.69
 20.4500   148.41    0.000     2.95
 20.4667   148.58    0.000     3.25
 20.4833   148.76    0.000     3.39
 20.5000   148.93    0.000     2.95
 20.5167   149.10    0.000     2.67
 20.5333   149.27    0.217     2.66
 20.5500   149.44    0.000     3.50
 20.5667   149.61    0.064     2.72
 20.5833   149.78    0.000     3.06
 20.6000   149.95    0.000     3.74
 20.6167   150.12    0.000     3.04
 20.6333   150.28    0.000     2.20
 20.6500   150.45    0.000     2.98
 20.6667   150.62    0.000     3.64
 20.6833   150.79    0.000     2.78
 20.7000   150.95    0.000     3.17
 20.7167   151.12    0.000     3.00
 20.7333   151.28    0.434     2.93
 20.7500   151.45    0.472     3.30
 20.7667   151.61    0.995     3.16
 20.7833   151.77    0.000     3.36
 20.8000   151.94    0.000     3.26
 20.8167   152.10    0.000     3.31
 20.8333   152.26    0.217     3.89
 20.8500   152.42    0.000     3.22
 20.8667   152.58    0.000     3.26
 20.8833   152.74    0.702     3.63
 20.9000   152.90    0.344     3.32
 20.9167   153.06    0.115     4.15
 20.9333   153.22    1.072     3.73
 20.9500   153.37    0.230     3.48
 20.9667   153.53    0.000     3.31
 20.9833   153.68    1.352     4.10
 21.0000   153.84    0.906     4.88
 21.0167   153.99    0.000     4.17
 21.0333   154.15    0.000     5.87
 21.0500   154.30    0.115     4.25
 21.0667   154.45    0.000     4.23
 21.0833   154.60    0.000     5.87
 21.1000   154.75    0.000     6.42
 21.1167   154.90    0.051     3.69
 21.1333   155.05    0.000     4.73
 21.1500   155.20    0.000     6.15
 21.1667   155.34    0.000     4.09
 21.1833   155.49    1.161     4.46
 21.2000   155.63    0.000     4.53
 21.2167   155.78    0.000     3.99
 21.2333   155.92    0.549     3.66
 21.2500   156.06    0.676     3.42
 21.2667   156.20    0.000     3.74
 21.2833   156.34    0.000     4.34
 21.3000   156.48    0.115     3.01
 21.3167   156.62    0.357     3.90
 21.3333   156.76    0.000     4.22
 21.3500   156.89    0.396     4.58
 21.3667   157.03    0.549     3.55
 21.3833   157.16    0.000     4.00
 21.4000   157.29    0.115     3.56
 21.4167   157.43    0.765     3.39
 21.4333   157.56    0.230     3.76
 21.4500   157.68    0.000     3.08
 21.4667   157.81    0.000     3.23
 21.4833   157.94    0.485     2.64
 21.5000   158.06    0.408     2.82
 21.5167   158.19    0.000     2.78
 21.5333   158.31    0.957     3.65
 21.5500   158.43    0.498     3.13
 21.5667   158.55    0.000     3.37
 21.5833   158.67    0.396     3.42
 21.6000   158.79    0.600     3.17
 21.6167   158.90    1.123     3.36
 21.6333   159.02    0.753     3.50
 21.6500   159.13    0.293     2.73
 21.6667   159.24    1.289     3.34
 21.6833   159.35    1.021     2.68
 21.7000   159.46    0.000     2.75
 21.7167   159.56    0.000     2.19
 21.7333   159.67    0.000     2.28
 21.7500   159.77    0.523     2.96
 21.7667   159.87    0.000     2.27
 21.7833   159.97    0.000     3.05
 21.8000   160.07    0.102     2.52
 21.8167   160.17    0.000     3.17
 21.8333   160.26    0.000     2.97
 21.8500   160.36    0.000     2.92
 21.8667   160.45    0.306     2.78
 21.8833   160.54    0.000     2.94
 21.9000   160.62    0.000     3.35
 21.9167   160.71    0.000     3.07
 21.9333   160.79    0.587     2.42
 21.9500   160.87    0.396     2.97
 21.9667   160.95    0.230     2.72
 21.9833   161.03    0.383     3.07
 22.0000   161.11    1.059     3.06
 22.0167   161.18    0.293     3.13
 22.0333   161.25    0.906     3.44
 22.0500   161.32    1.531     2.80
 22.0667   161.39    0.000     3.07
 22.0833   161.45    0.000     2.43
 22.1000   161.52    0.115     2.76
 22.1167   161.58    0.357     3.64
 22.1333   161.64    0.000     3.15
 22.1500   161.69    0.000     2.99
 22.1667   161.75    0.000     2.32
 22.1833   161.80    0.765     2.82
 22.2000   161.85    0.791     2.22
 22.2167   161.90    0.868     2.92
 22.2333   161.94    0.600     2.53
 22.2500   161.98    0.982     2.61
 22.2667   162.02    0.000     2.87
 22.2833   162.06    0.931     3.06
 22.3000   162.10    0.561     3.77
 22.3167   162.13    1.378     2.94
 22.3333   162.16    0.536     2.61
 22.3500   162.19    0.179     2.91
 22.3667   162.21    1.059     2.81
 22.3833   162.24    1.748     2.83
 22.4000   162.26    0.485     3.10
 22.4167   162.28    1.824     2.65
 22.4333   162.29    1.033     2.51
 22.4500   162.30    0.549     3.13
 22.4667   162.31    0.000     2.78
 22.4833   162.32    0.000     3.16
 22.5000   162.33    0.000     2.97
 22.5167   162.33    0.038     2.92
 22.5333   162.33    0.000     2.77
 22.5500   162.33    0.000     2.81
 22.5667   162.33    0.000     2.90
 22.5833   162.32    0.561     2.98
 22.6000   162.31    0.880     3.04
 22.6167   162.30    0.000     2.73
 22.6333   162.28    0.000     2.78
 22.6500   162.27    0.893     2.70
 22.6667   162.25    0.727     3.79
 22.6833   162.23    0.000     2.87
 22.7000   162.20    0.064     3.23
 22.7167   162.18    0.561     3.45
 22.7333   162.15    1.225     3.32
 22.7500   162.12    0.242     3.11
 22.7667   162.08    0.000     2.87
 22.7833   162.05    0.753     3.02
 22.8000   162.01    1.442     2.74
 22.8167   161.97    0.000     3.49
 22.8333   161.92    0.396     3.44
 22.8500   161.88    1.454     3.50
 22.8667   161.83    0.281     2.57
 22.8833   161.78    0.242     3.47
 22.9000   161.73    1.301     3.62
 22.9167   161.67    0.740     2.97
 22.9333   161.61    1.161     2.75
 22.9500   161.55    0.600     3.46
 22.9667   161.49    0.842     3.38
 22.9833   161.43    2.462     3.71
 23.0000   161.36    1.442     3.41
 23.0167   161.29    1.901     2.78
 23.0333   161.22    1.544     3.67
 23.0500   161.15    1.301     3.36
 23.0667   161.08    0.242     2.72
 23.0833   161.00    1.021     2.86
 23.1000   160.92    0.982     3.05
 23.1167   160.84    1.059     3.04
 23.1333   160.76    0.459     2.91
 23.1500   160.68    1.352     3.01
 23.1667   160.59    0.000     2.33
 23.1833   160.50    0.000     2.96
 23.2000   160.41    0.306     2.46
 23.2167   160.32    0.089     2.84
 23.2333   160.23    0.523     3.22
 23.2500   160.13    0.000     2.53
 23.2667   160.03    0.000     2.52
 23.2833   159.94    0.727     3.06
 23.3000   159.84    0.000     3.36
 23.3167   159.73    0.000     2.48
 23.3333   159.63    0.714     2.75
 23.3500   159.52    0.549     2.88
 23.3667   159.42    0.000     3.32
 23.3833   159.31    0.612     2.83
 23.4000   159.20    0.689     2.90
 23.4167   159.09    0.128     3.07
 23.4333   158.97    0.000     3.02
 23.4500   158.86    0.727     3.33
 23.4667   158.74    0.651     2.78
 23.4833   158.62    0.472     3.30
 23.5000   158.50    0.000     2.75
 23.5167   158.38    1.352     3.45
 23.5333   158.26    0.153     3.14
 23.5500   158.14    0.982     3.19
 23.5667   158.01    1.161     2.24
 23.5833   157.89    1.978     3.69
 23.6000   157.76    0.242     3.12
 23.6167   157.63    1.033     4.13
 23.6333   157.50    1.250     3.12
 23.6500   157.38    0.727     3.30
 23.6667   157.24    2.858     3.68
 23.6833   157.11    1.812     4.37
 23.7000   156.98    0.612     3.47
 23.7167   156.84    0.689     3.55
 23.7333   156.71    2.131     4.71
 23.7500   156.57    0.970     3.00
 23.7667   156.43    2.335     4.25
 23.7833   156.29    2.118     3.84
 23.8000   156.15    1.289     4.61
 23.8167   156.01    1.544     4.57
 23.8333   155.87    1.378     4.54
 23.8500   155.72    1.403     5.49
 23.8667   155.58    1.595     4.57
 23.8833   155.43    1.072     5.14
 23.9000   155.29    2.207     5.09
 23.9167   155.14    0.574     3.97
 23.9333   154.99    0.000     5.60
 23.9500   154.84    0.000     5.02
 23.9667   154.69    0.000     4.42
 23.9833   154.54    0.000     4.81
 24.0000   154.39    1.531     3.29
